0 : 0, [0_255|255|255][0][0][0][0] -> [0_255|255|255][0][0][0][0]
0 : 0, [0_255|255|255][0][0][0][0] -> [9_9_9][0][1]
0 : 0, [0_255|255|255][0][0][0][0] -> [9_9_9][0][2]
1 : 0, [9_9_9][0][1] -> [9_9_9][0][3]
0 : 0, [9_9_9][0][2] -> [9_9_9][0][4]
1 : 1, [9_9_9][0][3] -> [9_9_9][0][3]
0 : 1, [9_9_9][0][4] -> [9_9_9][0][4]
0 : 0, [0_255|255|255][0][0][0][0] -> [0_2|255|255][0][1][0][0]
0 : 0, [0_255|255|255][0][0][0][0] -> [0_255|2|255][0][0][1][0]
0 : 0, [0_255|255|255][0][0][0][0] -> [0_255|255|2][0][0][0][1]
0 : 0, [0_2|255|255][0][1][0][0] -> [0_1|255|255][0][1][0][0]
0 : 0, [0_2|255|255][0][1][0][0] -> [1_3|255|255][0][2][0][0]
0 : 0, [0_2|255|255][0][1][0][0] -> [0_2|2|255][0][1][1][0]
0 : 0, [0_2|255|255][0][1][0][0] -> [0_2|255|2][0][1][0][1]
0 : 0, [0_255|2|255][0][0][1][0] -> [0_255|1|255][0][0][1][0]
0 : 0, [0_255|2|255][0][0][1][0] -> [0_2|2|255][0][1][1][0]
0 : 0, [0_255|2|255][0][0][1][0] -> [2_255|3|255][0][0][2][0]
0 : 0, [0_255|2|255][0][0][1][0] -> [0_255|2|2][0][0][1][1]
0 : 0, [0_255|255|2][0][0][0][1] -> [0_255|255|1][0][0][0][1]
0 : 0, [0_255|255|2][0][0][0][1] -> [0_2|255|2][0][1][0][1]
0 : 0, [0_255|255|2][0][0][0][1] -> [0_255|2|2][0][0][1][1]
0 : 0, [0_255|255|2][0][0][0][1] -> [3_255|255|3][0][0][0][2]
0 : 0, [0_1|255|255][0][1][0][0] -> [0_0|255|255][0][1][0][0]
0 : 0, [0_1|255|255][0][1][0][0] -> [1_3|255|255][0][2][0][0]
0 : 0, [0_1|255|255][0][1][0][0] -> [0_1|2|255][0][1][1][0]
0 : 0, [0_1|255|255][0][1][0][0] -> [0_1|255|2][0][1][0][1]
0 : 0, [1_3|255|255][0][2][0][0] -> [1_2|255|255][0][2][0][0]
0 : 0, [0_2|2|255][0][1][1][0] -> [0_1|1|255][0][1][1][0]
0 : 0, [0_2|2|255][0][1][1][0] -> [1_3|2|255][0][2][1][0]
0 : 0, [0_2|2|255][0][1][1][0] -> [2_2|3|255][0][1][2][0]
0 : 0, [0_2|2|255][0][1][1][0] -> [0_2|2|2][0][1][1][1]
0 : 0, [0_2|255|2][0][1][0][1] -> [0_1|255|1][0][1][0][1]
0 : 0, [0_2|255|2][0][1][0][1] -> [1_3|255|2][0][2][0][1]
0 : 0, [0_2|255|2][0][1][0][1] -> [0_2|2|2][0][1][1][1]
0 : 0, [0_2|255|2][0][1][0][1] -> [3_2|255|3][0][1][0][2]
0 : 0, [0_255|1|255][0][0][1][0] -> [0_255|0|255][0][0][1][0]
0 : 0, [0_255|1|255][0][0][1][0] -> [0_2|1|255][0][1][1][0]
0 : 0, [0_255|1|255][0][0][1][0] -> [2_255|3|255][0][0][2][0]
0 : 0, [0_255|1|255][0][0][1][0] -> [0_255|1|2][0][0][1][1]
0 : 0, [2_255|3|255][0][0][2][0] -> [2_255|2|255][0][0][2][0]
0 : 0, [0_255|2|2][0][0][1][1] -> [0_255|1|1][0][0][1][1]
0 : 0, [0_255|2|2][0][0][1][1] -> [0_2|2|2][0][1][1][1]
0 : 0, [0_255|2|2][0][0][1][1] -> [2_255|3|2][0][0][2][1]
0 : 0, [0_255|2|2][0][0][1][1] -> [3_255|2|3][0][0][1][2]
0 : 0, [0_255|255|1][0][0][0][1] -> [0_255|255|0][0][0][0][1]
0 : 0, [0_255|255|1][0][0][0][1] -> [0_2|255|1][0][1][0][1]
0 : 0, [0_255|255|1][0][0][0][1] -> [0_255|2|1][0][0][1][1]
0 : 0, [0_255|255|1][0][0][0][1] -> [3_255|255|3][0][0][0][2]
0 : 0, [3_255|255|3][0][0][0][2] -> [3_255|255|2][0][0][0][2]
0 : 0, [0_0|255|255][0][1][0][0] -> [1_3|255|255][0][2][0][0]
0 : 0, [0_0|255|255][0][1][0][0] -> [0_0|2|255][0][1][1][0]
0 : 0, [0_0|255|255][0][1][0][0] -> [0_0|255|2][0][1][0][1]
0 : 0, [0_1|2|255][0][1][1][0] -> [0_0|1|255][0][1][1][0]
0 : 0, [0_1|2|255][0][1][1][0] -> [1_3|2|255][0][2][1][0]
0 : 0, [0_1|2|255][0][1][1][0] -> [2_1|3|255][0][1][2][0]
0 : 0, [0_1|2|255][0][1][1][0] -> [0_1|2|2][0][1][1][1]
0 : 0, [0_1|255|2][0][1][0][1] -> [0_0|255|1][0][1][0][1]
0 : 0, [0_1|255|2][0][1][0][1] -> [1_3|255|2][0][2][0][1]
0 : 0, [0_1|255|2][0][1][0][1] -> [0_1|2|2][0][1][1][1]
0 : 0, [0_1|255|2][0][1][0][1] -> [3_1|255|3][0][1][0][2]
0 : 0, [1_2|255|255][0][2][0][0] -> [1_1|255|255][0][2][0][0]
0 : 0, [0_1|1|255][0][1][1][0] -> [0_0|0|255][0][1][1][0]
0 : 0, [0_1|1|255][0][1][1][0] -> [1_3|1|255][0][2][1][0]
0 : 0, [0_1|1|255][0][1][1][0] -> [2_1|3|255][0][1][2][0]
0 : 0, [0_1|1|255][0][1][1][0] -> [0_1|1|2][0][1][1][1]
0 : 0, [1_3|2|255][0][2][1][0] -> [1_2|1|255][0][2][1][0]
0 : 0, [1_3|2|255][0][2][1][0] -> [2_3|3|255][0][2][2][0]
0 : 0, [2_2|3|255][0][1][2][0] -> [2_1|2|255][0][1][2][0]
0 : 0, [2_2|3|255][0][1][2][0] -> [1_3|3|255][0][2][2][0]
0 : 0, [0_2|2|2][0][1][1][1] -> [0_1|1|1][0][1][1][1]
0 : 0, [0_2|2|2][0][1][1][1] -> [1_3|2|2][0][2][1][1]
0 : 0, [0_2|2|2][0][1][1][1] -> [2_2|3|2][0][1][2][1]
0 : 0, [0_2|2|2][0][1][1][1] -> [3_2|2|3][0][1][1][2]
0 : 0, [0_1|255|1][0][1][0][1] -> [0_0|255|0][0][1][0][1]
0 : 0, [0_1|255|1][0][1][0][1] -> [1_3|255|1][0][2][0][1]
0 : 0, [0_1|255|1][0][1][0][1] -> [0_1|2|1][0][1][1][1]
0 : 0, [0_1|255|1][0][1][0][1] -> [3_1|255|3][0][1][0][2]
0 : 0, [1_3|255|2][0][2][0][1] -> [1_2|255|1][0][2][0][1]
0 : 0, [1_3|255|2][0][2][0][1] -> [3_3|255|3][0][2][0][2]
0 : 0, [3_2|255|3][0][1][0][2] -> [3_1|255|2][0][1][0][2]
0 : 0, [3_2|255|3][0][1][0][2] -> [1_3|255|3][0][2][0][2]
0 : 0, [0_255|0|255][0][0][1][0] -> [0_2|0|255][0][1][1][0]
0 : 0, [0_255|0|255][0][0][1][0] -> [2_255|3|255][0][0][2][0]
0 : 0, [0_255|0|255][0][0][1][0] -> [0_255|0|2][0][0][1][1]
0 : 0, [0_2|1|255][0][1][1][0] -> [0_1|0|255][0][1][1][0]
0 : 0, [0_2|1|255][0][1][1][0] -> [1_3|1|255][0][2][1][0]
0 : 0, [0_2|1|255][0][1][1][0] -> [2_2|3|255][0][1][2][0]
0 : 0, [0_2|1|255][0][1][1][0] -> [0_2|1|2][0][1][1][1]
0 : 0, [0_255|1|2][0][0][1][1] -> [0_255|0|1][0][0][1][1]
0 : 0, [0_255|1|2][0][0][1][1] -> [0_2|1|2][0][1][1][1]
0 : 0, [0_255|1|2][0][0][1][1] -> [2_255|3|2][0][0][2][1]
0 : 0, [0_255|1|2][0][0][1][1] -> [3_255|1|3][0][0][1][2]
0 : 0, [2_255|2|255][0][0][2][0] -> [2_255|1|255][0][0][2][0]
0 : 0, [0_255|1|1][0][0][1][1] -> [0_255|0|0][0][0][1][1]
0 : 0, [0_255|1|1][0][0][1][1] -> [0_2|1|1][0][1][1][1]
0 : 0, [0_255|1|1][0][0][1][1] -> [2_255|3|1][0][0][2][1]
0 : 0, [0_255|1|1][0][0][1][1] -> [3_255|1|3][0][0][1][2]
0 : 0, [2_255|3|2][0][0][2][1] -> [2_255|2|1][0][0][2][1]
0 : 0, [2_255|3|2][0][0][2][1] -> [3_255|3|3][0][0][2][2]
0 : 0, [3_255|2|3][0][0][1][2] -> [3_255|1|2][0][0][1][2]
0 : 0, [3_255|2|3][0][0][1][2] -> [2_255|3|3][0][0][2][2]
0 : 0, [0_255|255|0][0][0][0][1] -> [0_2|255|0][0][1][0][1]
0 : 0, [0_255|255|0][0][0][0][1] -> [0_255|2|0][0][0][1][1]
0 : 0, [0_255|255|0][0][0][0][1] -> [3_255|255|3][0][0][0][2]
0 : 0, [0_2|255|1][0][1][0][1] -> [0_1|255|0][0][1][0][1]
0 : 0, [0_2|255|1][0][1][0][1] -> [1_3|255|1][0][2][0][1]
0 : 0, [0_2|255|1][0][1][0][1] -> [0_2|2|1][0][1][1][1]
0 : 0, [0_2|255|1][0][1][0][1] -> [3_2|255|3][0][1][0][2]
0 : 0, [0_255|2|1][0][0][1][1] -> [0_255|1|0][0][0][1][1]
0 : 0, [0_255|2|1][0][0][1][1] -> [0_2|2|1][0][1][1][1]
0 : 0, [0_255|2|1][0][0][1][1] -> [2_255|3|1][0][0][2][1]
0 : 0, [0_255|2|1][0][0][1][1] -> [3_255|2|3][0][0][1][2]
0 : 0, [3_255|255|2][0][0][0][2] -> [3_255|255|1][0][0][0][2]
0 : 0, [0_0|2|255][0][1][1][0] -> [1_3|2|255][0][2][1][0]
0 : 0, [0_0|2|255][0][1][1][0] -> [2_0|3|255][0][1][2][0]
0 : 0, [0_0|2|255][0][1][1][0] -> [0_0|2|2][0][1][1][1]
0 : 0, [0_0|255|2][0][1][0][1] -> [1_3|255|2][0][2][0][1]
0 : 0, [0_0|255|2][0][1][0][1] -> [0_0|2|2][0][1][1][1]
0 : 0, [0_0|255|2][0][1][0][1] -> [3_0|255|3][0][1][0][2]
0 : 0, [0_0|1|255][0][1][1][0] -> [1_3|1|255][0][2][1][0]
0 : 0, [0_0|1|255][0][1][1][0] -> [2_0|3|255][0][1][2][0]
0 : 0, [0_0|1|255][0][1][1][0] -> [0_0|1|2][0][1][1][1]
0 : 0, [2_1|3|255][0][1][2][0] -> [2_0|2|255][0][1][2][0]
0 : 0, [2_1|3|255][0][1][2][0] -> [1_3|3|255][0][2][2][0]
0 : 0, [0_1|2|2][0][1][1][1] -> [0_0|1|1][0][1][1][1]
0 : 0, [0_1|2|2][0][1][1][1] -> [1_3|2|2][0][2][1][1]
0 : 0, [0_1|2|2][0][1][1][1] -> [2_1|3|2][0][1][2][1]
0 : 0, [0_1|2|2][0][1][1][1] -> [3_1|2|3][0][1][1][2]
0 : 0, [0_0|255|1][0][1][0][1] -> [1_3|255|1][0][2][0][1]
0 : 0, [0_0|255|1][0][1][0][1] -> [0_0|2|1][0][1][1][1]
0 : 0, [0_0|255|1][0][1][0][1] -> [3_0|255|3][0][1][0][2]
0 : 0, [3_1|255|3][0][1][0][2] -> [3_0|255|2][0][1][0][2]
0 : 0, [3_1|255|3][0][1][0][2] -> [1_3|255|3][0][2][0][2]
0 : 0, [1_1|255|255][0][2][0][0] -> [1_0|255|255][0][2][0][0]
0 : 0, [0_0|0|255][0][1][1][0] -> [1_3|0|255][0][2][1][0]
0 : 0, [0_0|0|255][0][1][1][0] -> [2_0|3|255][0][1][2][0]
0 : 0, [0_0|0|255][0][1][1][0] -> [0_0|0|2][0][1][1][1]
0 : 0, [1_3|1|255][0][2][1][0] -> [1_2|0|255][0][2][1][0]
0 : 0, [1_3|1|255][0][2][1][0] -> [2_3|3|255][0][2][2][0]
0 : 0, [0_1|1|2][0][1][1][1] -> [0_0|0|1][0][1][1][1]
0 : 0, [0_1|1|2][0][1][1][1] -> [1_3|1|2][0][2][1][1]
0 : 0, [0_1|1|2][0][1][1][1] -> [2_1|3|2][0][1][2][1]
0 : 0, [0_1|1|2][0][1][1][1] -> [3_1|1|3][0][1][1][2]
0 : 0, [1_2|1|255][0][2][1][0] -> [1_1|0|255][0][2][1][0]
0 : 0, [1_2|1|255][0][2][1][0] -> [2_2|3|255][0][2][2][0]
0 : 0, [2_3|3|255][0][2][2][0] -> [2_2|2|255][0][2][2][0]
0 : 0, [2_1|2|255][0][1][2][0] -> [2_0|1|255][0][1][2][0]
0 : 0, [2_1|2|255][0][1][2][0] -> [1_3|2|255][0][2][2][0]
0 : 0, [1_3|3|255][0][2][2][0] -> [1_2|2|255][0][2][2][0]
0 : 0, [0_1|1|1][0][1][1][1] -> [0_0|0|0][0][1][1][1]
0 : 0, [0_1|1|1][0][1][1][1] -> [1_3|1|1][0][2][1][1]
0 : 0, [0_1|1|1][0][1][1][1] -> [2_1|3|1][0][1][2][1]
0 : 0, [0_1|1|1][0][1][1][1] -> [3_1|1|3][0][1][1][2]
0 : 0, [1_3|2|2][0][2][1][1] -> [1_2|1|1][0][2][1][1]
0 : 0, [1_3|2|2][0][2][1][1] -> [2_3|3|2][0][2][2][1]
0 : 0, [1_3|2|2][0][2][1][1] -> [3_3|2|3][0][2][1][2]
0 : 0, [2_2|3|2][0][1][2][1] -> [2_1|2|1][0][1][2][1]
0 : 0, [2_2|3|2][0][1][2][1] -> [1_3|3|2][0][2][2][1]
0 : 0, [2_2|3|2][0][1][2][1] -> [3_2|3|3][0][1][2][2]
0 : 0, [3_2|2|3][0][1][1][2] -> [3_1|1|2][0][1][1][2]
0 : 0, [3_2|2|3][0][1][1][2] -> [1_3|2|3][0][2][1][2]
0 : 0, [3_2|2|3][0][1][1][2] -> [2_2|3|3][0][1][2][2]
0 : 0, [0_0|255|0][0][1][0][1] -> [1_3|255|0][0][2][0][1]
0 : 0, [0_0|255|0][0][1][0][1] -> [0_0|2|0][0][1][1][1]
0 : 0, [0_0|255|0][0][1][0][1] -> [3_0|255|3][0][1][0][2]
0 : 0, [1_3|255|1][0][2][0][1] -> [1_2|255|0][0][2][0][1]
0 : 0, [1_3|255|1][0][2][0][1] -> [3_3|255|3][0][2][0][2]
0 : 0, [0_1|2|1][0][1][1][1] -> [0_0|1|0][0][1][1][1]
0 : 0, [0_1|2|1][0][1][1][1] -> [1_3|2|1][0][2][1][1]
0 : 0, [0_1|2|1][0][1][1][1] -> [2_1|3|1][0][1][2][1]
0 : 0, [0_1|2|1][0][1][1][1] -> [3_1|2|3][0][1][1][2]
0 : 0, [1_2|255|1][0][2][0][1] -> [1_1|255|0][0][2][0][1]
0 : 0, [1_2|255|1][0][2][0][1] -> [3_2|255|3][0][2][0][2]
0 : 0, [3_3|255|3][0][2][0][2] -> [3_2|255|2][0][2][0][2]
0 : 0, [3_1|255|2][0][1][0][2] -> [3_0|255|1][0][1][0][2]
0 : 0, [3_1|255|2][0][1][0][2] -> [1_3|255|2][0][2][0][2]
0 : 0, [1_3|255|3][0][2][0][2] -> [1_2|255|2][0][2][0][2]
0 : 0, [0_2|0|255][0][1][1][0] -> [1_3|0|255][0][2][1][0]
0 : 0, [0_2|0|255][0][1][1][0] -> [2_2|3|255][0][1][2][0]
0 : 0, [0_2|0|255][0][1][1][0] -> [0_2|0|2][0][1][1][1]
0 : 0, [0_255|0|2][0][0][1][1] -> [0_2|0|2][0][1][1][1]
0 : 0, [0_255|0|2][0][0][1][1] -> [2_255|3|2][0][0][2][1]
0 : 0, [0_255|0|2][0][0][1][1] -> [3_255|0|3][0][0][1][2]
0 : 0, [0_1|0|255][0][1][1][0] -> [1_3|0|255][0][2][1][0]
0 : 0, [0_1|0|255][0][1][1][0] -> [2_1|3|255][0][1][2][0]
0 : 0, [0_1|0|255][0][1][1][0] -> [0_1|0|2][0][1][1][1]
0 : 0, [0_2|1|2][0][1][1][1] -> [0_1|0|1][0][1][1][1]
0 : 0, [0_2|1|2][0][1][1][1] -> [1_3|1|2][0][2][1][1]
0 : 0, [0_2|1|2][0][1][1][1] -> [2_2|3|2][0][1][2][1]
0 : 0, [0_2|1|2][0][1][1][1] -> [3_2|1|3][0][1][1][2]
0 : 0, [0_255|0|1][0][0][1][1] -> [0_2|0|1][0][1][1][1]
0 : 0, [0_255|0|1][0][0][1][1] -> [2_255|3|1][0][0][2][1]
0 : 0, [0_255|0|1][0][0][1][1] -> [3_255|0|3][0][0][1][2]
0 : 0, [3_255|1|3][0][0][1][2] -> [3_255|0|2][0][0][1][2]
0 : 0, [3_255|1|3][0][0][1][2] -> [2_255|3|3][0][0][2][2]
0 : 0, [2_255|1|255][0][0][2][0] -> [2_255|0|255][0][0][2][0]
0 : 0, [0_255|0|0][0][0][1][1] -> [0_2|0|0][0][1][1][1]
0 : 0, [0_255|0|0][0][0][1][1] -> [2_255|3|0][0][0][2][1]
0 : 0, [0_255|0|0][0][0][1][1] -> [3_255|0|3][0][0][1][2]
0 : 0, [0_2|1|1][0][1][1][1] -> [0_1|0|0][0][1][1][1]
0 : 0, [0_2|1|1][0][1][1][1] -> [1_3|1|1][0][2][1][1]
0 : 0, [0_2|1|1][0][1][1][1] -> [2_2|3|1][0][1][2][1]
0 : 0, [0_2|1|1][0][1][1][1] -> [3_2|1|3][0][1][1][2]
0 : 0, [2_255|3|1][0][0][2][1] -> [2_255|2|0][0][0][2][1]
0 : 0, [2_255|3|1][0][0][2][1] -> [3_255|3|3][0][0][2][2]
0 : 0, [2_255|2|1][0][0][2][1] -> [2_255|1|0][0][0][2][1]
0 : 0, [2_255|2|1][0][0][2][1] -> [3_255|2|3][0][0][2][2]
0 : 0, [3_255|3|3][0][0][2][2] -> [3_255|2|2][0][0][2][2]
0 : 0, [3_255|1|2][0][0][1][2] -> [3_255|0|1][0][0][1][2]
0 : 0, [3_255|1|2][0][0][1][2] -> [2_255|3|2][0][0][2][2]
0 : 0, [2_255|3|3][0][0][2][2] -> [2_255|2|2][0][0][2][2]
0 : 0, [0_2|255|0][0][1][0][1] -> [1_3|255|0][0][2][0][1]
0 : 0, [0_2|255|0][0][1][0][1] -> [0_2|2|0][0][1][1][1]
0 : 0, [0_2|255|0][0][1][0][1] -> [3_2|255|3][0][1][0][2]
0 : 0, [0_255|2|0][0][0][1][1] -> [0_2|2|0][0][1][1][1]
0 : 0, [0_255|2|0][0][0][1][1] -> [2_255|3|0][0][0][2][1]
0 : 0, [0_255|2|0][0][0][1][1] -> [3_255|2|3][0][0][1][2]
0 : 0, [0_1|255|0][0][1][0][1] -> [1_3|255|0][0][2][0][1]
0 : 0, [0_1|255|0][0][1][0][1] -> [0_1|2|0][0][1][1][1]
0 : 0, [0_1|255|0][0][1][0][1] -> [3_1|255|3][0][1][0][2]
0 : 0, [0_2|2|1][0][1][1][1] -> [0_1|1|0][0][1][1][1]
0 : 0, [0_2|2|1][0][1][1][1] -> [1_3|2|1][0][2][1][1]
0 : 0, [0_2|2|1][0][1][1][1] -> [2_2|3|1][0][1][2][1]
0 : 0, [0_2|2|1][0][1][1][1] -> [3_2|2|3][0][1][1][2]
0 : 0, [0_255|1|0][0][0][1][1] -> [0_2|1|0][0][1][1][1]
0 : 0, [0_255|1|0][0][0][1][1] -> [2_255|3|0][0][0][2][1]
0 : 0, [0_255|1|0][0][0][1][1] -> [3_255|1|3][0][0][1][2]
0 : 0, [3_255|255|1][0][0][0][2] -> [3_255|255|0][0][0][0][2]
0 : 0, [2_0|3|255][0][1][2][0] -> [1_3|3|255][0][2][2][0]
0 : 0, [0_0|2|2][0][1][1][1] -> [1_3|2|2][0][2][1][1]
0 : 0, [0_0|2|2][0][1][1][1] -> [2_0|3|2][0][1][2][1]
0 : 0, [0_0|2|2][0][1][1][1] -> [3_0|2|3][0][1][1][2]
0 : 0, [3_0|255|3][0][1][0][2] -> [1_3|255|3][0][2][0][2]
0 : 0, [0_0|1|2][0][1][1][1] -> [1_3|1|2][0][2][1][1]
0 : 0, [0_0|1|2][0][1][1][1] -> [2_0|3|2][0][1][2][1]
0 : 0, [0_0|1|2][0][1][1][1] -> [3_0|1|3][0][1][1][2]
0 : 0, [2_0|2|255][0][1][2][0] -> [1_3|2|255][0][2][2][0]
0 : 0, [0_0|1|1][0][1][1][1] -> [1_3|1|1][0][2][1][1]
0 : 0, [0_0|1|1][0][1][1][1] -> [2_0|3|1][0][1][2][1]
0 : 0, [0_0|1|1][0][1][1][1] -> [3_0|1|3][0][1][1][2]
0 : 0, [2_1|3|2][0][1][2][1] -> [2_0|2|1][0][1][2][1]
0 : 0, [2_1|3|2][0][1][2][1] -> [1_3|3|2][0][2][2][1]
0 : 0, [2_1|3|2][0][1][2][1] -> [3_1|3|3][0][1][2][2]
0 : 0, [3_1|2|3][0][1][1][2] -> [3_0|1|2][0][1][1][2]
0 : 0, [3_1|2|3][0][1][1][2] -> [1_3|2|3][0][2][1][2]
0 : 0, [3_1|2|3][0][1][1][2] -> [2_1|3|3][0][1][2][2]
0 : 0, [0_0|2|1][0][1][1][1] -> [1_3|2|1][0][2][1][1]
0 : 0, [0_0|2|1][0][1][1][1] -> [2_0|3|1][0][1][2][1]
0 : 0, [0_0|2|1][0][1][1][1] -> [3_0|2|3][0][1][1][2]
0 : 0, [3_0|255|2][0][1][0][2] -> [1_3|255|2][0][2][0][2]
0 : 0, [1_0|255|255][0][2][0][0] -> [1_255|255|255][0][2][0][0]
0 : 0, [1_3|0|255][0][2][1][0] -> [2_3|3|255][0][2][2][0]
0 : 0, [0_0|0|2][0][1][1][1] -> [1_3|0|2][0][2][1][1]
0 : 0, [0_0|0|2][0][1][1][1] -> [2_0|3|2][0][1][2][1]
0 : 0, [0_0|0|2][0][1][1][1] -> [3_0|0|3][0][1][1][2]
0 : 0, [1_2|0|255][0][2][1][0] -> [2_2|3|255][0][2][2][0]
0 : 0, [0_0|0|1][0][1][1][1] -> [1_3|0|1][0][2][1][1]
0 : 0, [0_0|0|1][0][1][1][1] -> [2_0|3|1][0][1][2][1]
0 : 0, [0_0|0|1][0][1][1][1] -> [3_0|0|3][0][1][1][2]
0 : 0, [1_3|1|2][0][2][1][1] -> [1_2|0|1][0][2][1][1]
0 : 0, [1_3|1|2][0][2][1][1] -> [2_3|3|2][0][2][2][1]
0 : 0, [1_3|1|2][0][2][1][1] -> [3_3|1|3][0][2][1][2]
0 : 0, [3_1|1|3][0][1][1][2] -> [3_0|0|2][0][1][1][2]
0 : 0, [3_1|1|3][0][1][1][2] -> [1_3|1|3][0][2][1][2]
0 : 0, [3_1|1|3][0][1][1][2] -> [2_1|3|3][0][1][2][2]
0 : 0, [1_1|0|255][0][2][1][0] -> [2_1|3|255][0][2][2][0]
0 : 0, [2_2|3|255][0][2][2][0] -> [2_1|2|255][0][2][2][0]
0 : 0, [2_2|2|255][0][2][2][0] -> [2_1|1|255][0][2][2][0]
0 : 0, [2_0|1|255][0][1][2][0] -> [1_3|1|255][0][2][2][0]
0 : 0, [1_3|2|255][0][2][2][0] -> [1_2|1|255][0][2][2][0]
0 : 0, [1_2|2|255][0][2][2][0] -> [1_1|1|255][0][2][2][0]
0 : 0, [0_0|0|0][0][1][1][1] -> [1_3|0|0][0][2][1][1]
0 : 0, [0_0|0|0][0][1][1][1] -> [2_0|3|0][0][1][2][1]
0 : 0, [0_0|0|0][0][1][1][1] -> [3_0|0|3][0][1][1][2]
0 : 0, [1_3|1|1][0][2][1][1] -> [1_2|0|0][0][2][1][1]
0 : 0, [1_3|1|1][0][2][1][1] -> [2_3|3|1][0][2][2][1]
0 : 0, [1_3|1|1][0][2][1][1] -> [3_3|1|3][0][2][1][2]
0 : 0, [2_1|3|1][0][1][2][1] -> [2_0|2|0][0][1][2][1]
0 : 0, [2_1|3|1][0][1][2][1] -> [1_3|3|1][0][2][2][1]
0 : 0, [2_1|3|1][0][1][2][1] -> [3_1|3|3][0][1][2][2]
0 : 0, [1_2|1|1][0][2][1][1] -> [1_1|0|0][0][2][1][1]
0 : 0, [1_2|1|1][0][2][1][1] -> [2_2|3|1][0][2][2][1]
0 : 0, [1_2|1|1][0][2][1][1] -> [3_2|1|3][0][2][1][2]
0 : 0, [2_3|3|2][0][2][2][1] -> [2_2|2|1][0][2][2][1]
0 : 0, [2_3|3|2][0][2][2][1] -> [3_3|3|3][0][2][2][2]
0 : 0, [3_3|2|3][0][2][1][2] -> [3_2|1|2][0][2][1][2]
0 : 0, [3_3|2|3][0][2][1][2] -> [2_3|3|3][0][2][2][2]
0 : 0, [2_1|2|1][0][1][2][1] -> [2_0|1|0][0][1][2][1]
0 : 0, [2_1|2|1][0][1][2][1] -> [1_3|2|1][0][2][2][1]
0 : 0, [2_1|2|1][0][1][2][1] -> [3_1|2|3][0][1][2][2]
0 : 0, [1_3|3|2][0][2][2][1] -> [1_2|2|1][0][2][2][1]
0 : 0, [1_3|3|2][0][2][2][1] -> [3_3|3|3][0][2][2][2]
0 : 0, [3_2|3|3][0][1][2][2] -> [3_1|2|2][0][1][2][2]
0 : 0, [3_2|3|3][0][1][2][2] -> [1_3|3|3][0][2][2][2]
0 : 0, [3_1|1|2][0][1][1][2] -> [3_0|0|1][0][1][1][2]
0 : 0, [3_1|1|2][0][1][1][2] -> [1_3|1|2][0][2][1][2]
0 : 0, [3_1|1|2][0][1][1][2] -> [2_1|3|2][0][1][2][2]
0 : 0, [1_3|2|3][0][2][1][2] -> [1_2|1|2][0][2][1][2]
0 : 0, [1_3|2|3][0][2][1][2] -> [2_3|3|3][0][2][2][2]
0 : 0, [2_2|3|3][0][1][2][2] -> [2_1|2|2][0][1][2][2]
0 : 0, [2_2|3|3][0][1][2][2] -> [1_3|3|3][0][2][2][2]
0 : 0, [1_3|255|0][0][2][0][1] -> [3_3|255|3][0][2][0][2]
0 : 0, [0_0|2|0][0][1][1][1] -> [1_3|2|0][0][2][1][1]
0 : 0, [0_0|2|0][0][1][1][1] -> [2_0|3|0][0][1][2][1]
0 : 0, [0_0|2|0][0][1][1][1] -> [3_0|2|3][0][1][1][2]
0 : 0, [1_2|255|0][0][2][0][1] -> [3_2|255|3][0][2][0][2]
0 : 0, [0_0|1|0][0][1][1][1] -> [1_3|1|0][0][2][1][1]
0 : 0, [0_0|1|0][0][1][1][1] -> [2_0|3|0][0][1][2][1]
0 : 0, [0_0|1|0][0][1][1][1] -> [3_0|1|3][0][1][1][2]
0 : 0, [1_3|2|1][0][2][1][1] -> [1_2|1|0][0][2][1][1]
0 : 0, [1_3|2|1][0][2][1][1] -> [2_3|3|1][0][2][2][1]
0 : 0, [1_3|2|1][0][2][1][1] -> [3_3|2|3][0][2][1][2]
0 : 0, [1_1|255|0][0][2][0][1] -> [3_1|255|3][0][2][0][2]
0 : 0, [3_2|255|3][0][2][0][2] -> [3_1|255|2][0][2][0][2]
0 : 0, [3_2|255|2][0][2][0][2] -> [3_1|255|1][0][2][0][2]
0 : 0, [3_0|255|1][0][1][0][2] -> [1_3|255|1][0][2][0][2]
0 : 0, [1_3|255|2][0][2][0][2] -> [1_2|255|1][0][2][0][2]
0 : 0, [1_2|255|2][0][2][0][2] -> [1_1|255|1][0][2][0][2]
0 : 0, [0_2|0|2][0][1][1][1] -> [1_3|0|2][0][2][1][1]
0 : 0, [0_2|0|2][0][1][1][1] -> [2_2|3|2][0][1][2][1]
0 : 0, [0_2|0|2][0][1][1][1] -> [3_2|0|3][0][1][1][2]
0 : 0, [3_255|0|3][0][0][1][2] -> [2_255|3|3][0][0][2][2]
0 : 0, [0_1|0|2][0][1][1][1] -> [1_3|0|2][0][2][1][1]
0 : 0, [0_1|0|2][0][1][1][1] -> [2_1|3|2][0][1][2][1]
0 : 0, [0_1|0|2][0][1][1][1] -> [3_1|0|3][0][1][1][2]
0 : 0, [0_1|0|1][0][1][1][1] -> [1_3|0|1][0][2][1][1]
0 : 0, [0_1|0|1][0][1][1][1] -> [2_1|3|1][0][1][2][1]
0 : 0, [0_1|0|1][0][1][1][1] -> [3_1|0|3][0][1][1][2]
0 : 0, [3_2|1|3][0][1][1][2] -> [3_1|0|2][0][1][1][2]
0 : 0, [3_2|1|3][0][1][1][2] -> [1_3|1|3][0][2][1][2]
0 : 0, [3_2|1|3][0][1][1][2] -> [2_2|3|3][0][1][2][2]
0 : 0, [0_2|0|1][0][1][1][1] -> [1_3|0|1][0][2][1][1]
0 : 0, [0_2|0|1][0][1][1][1] -> [2_2|3|1][0][1][2][1]
0 : 0, [0_2|0|1][0][1][1][1] -> [3_2|0|3][0][1][1][2]
0 : 0, [3_255|0|2][0][0][1][2] -> [2_255|3|2][0][0][2][2]
0 : 0, [2_255|0|255][0][0][2][0] -> [2_255|255|255][0][0][2][0]
0 : 0, [0_2|0|0][0][1][1][1] -> [1_3|0|0][0][2][1][1]
0 : 0, [0_2|0|0][0][1][1][1] -> [2_2|3|0][0][1][2][1]
0 : 0, [0_2|0|0][0][1][1][1] -> [3_2|0|3][0][1][1][2]
0 : 0, [2_255|3|0][0][0][2][1] -> [3_255|3|3][0][0][2][2]
0 : 0, [0_1|0|0][0][1][1][1] -> [1_3|0|0][0][2][1][1]
0 : 0, [0_1|0|0][0][1][1][1] -> [2_1|3|0][0][1][2][1]
0 : 0, [0_1|0|0][0][1][1][1] -> [3_1|0|3][0][1][1][2]
0 : 0, [2_2|3|1][0][1][2][1] -> [2_1|2|0][0][1][2][1]
0 : 0, [2_2|3|1][0][1][2][1] -> [1_3|3|1][0][2][2][1]
0 : 0, [2_2|3|1][0][1][2][1] -> [3_2|3|3][0][1][2][2]
0 : 0, [2_255|2|0][0][0][2][1] -> [3_255|2|3][0][0][2][2]
0 : 0, [2_255|1|0][0][0][2][1] -> [3_255|1|3][0][0][2][2]
0 : 0, [3_255|2|3][0][0][2][2] -> [3_255|1|2][0][0][2][2]
0 : 0, [3_255|2|2][0][0][2][2] -> [3_255|1|1][0][0][2][2]
0 : 0, [3_255|0|1][0][0][1][2] -> [2_255|3|1][0][0][2][2]
0 : 0, [2_255|3|2][0][0][2][2] -> [2_255|2|1][0][0][2][2]
0 : 0, [2_255|2|2][0][0][2][2] -> [2_255|1|1][0][0][2][2]
0 : 0, [0_2|2|0][0][1][1][1] -> [1_3|2|0][0][2][1][1]
0 : 0, [0_2|2|0][0][1][1][1] -> [2_2|3|0][0][1][2][1]
0 : 0, [0_2|2|0][0][1][1][1] -> [3_2|2|3][0][1][1][2]
0 : 0, [0_1|2|0][0][1][1][1] -> [1_3|2|0][0][2][1][1]
0 : 0, [0_1|2|0][0][1][1][1] -> [2_1|3|0][0][1][2][1]
0 : 0, [0_1|2|0][0][1][1][1] -> [3_1|2|3][0][1][1][2]
0 : 0, [0_1|1|0][0][1][1][1] -> [1_3|1|0][0][2][1][1]
0 : 0, [0_1|1|0][0][1][1][1] -> [2_1|3|0][0][1][2][1]
0 : 0, [0_1|1|0][0][1][1][1] -> [3_1|1|3][0][1][1][2]
0 : 0, [0_2|1|0][0][1][1][1] -> [1_3|1|0][0][2][1][1]
0 : 0, [0_2|1|0][0][1][1][1] -> [2_2|3|0][0][1][2][1]
0 : 0, [0_2|1|0][0][1][1][1] -> [3_2|1|3][0][1][1][2]
0 : 0, [3_255|255|0][0][0][0][2] -> [3_255|255|255][0][0][0][2]
0 : 0, [2_0|3|2][0][1][2][1] -> [1_3|3|2][0][2][2][1]
0 : 0, [2_0|3|2][0][1][2][1] -> [3_0|3|3][0][1][2][2]
0 : 0, [3_0|2|3][0][1][1][2] -> [1_3|2|3][0][2][1][2]
0 : 0, [3_0|2|3][0][1][1][2] -> [2_0|3|3][0][1][2][2]
0 : 0, [3_0|1|3][0][1][1][2] -> [1_3|1|3][0][2][1][2]
0 : 0, [3_0|1|3][0][1][1][2] -> [2_0|3|3][0][1][2][2]
0 : 0, [2_0|3|1][0][1][2][1] -> [1_3|3|1][0][2][2][1]
0 : 0, [2_0|3|1][0][1][2][1] -> [3_0|3|3][0][1][2][2]
0 : 0, [2_0|2|1][0][1][2][1] -> [1_3|2|1][0][2][2][1]
0 : 0, [2_0|2|1][0][1][2][1] -> [3_0|2|3][0][1][2][2]
0 : 0, [3_1|3|3][0][1][2][2] -> [3_0|2|2][0][1][2][2]
0 : 0, [3_1|3|3][0][1][2][2] -> [1_3|3|3][0][2][2][2]
0 : 0, [3_0|1|2][0][1][1][2] -> [1_3|1|2][0][2][1][2]
0 : 0, [3_0|1|2][0][1][1][2] -> [2_0|3|2][0][1][2][2]
0 : 0, [2_1|3|3][0][1][2][2] -> [2_0|2|2][0][1][2][2]
0 : 0, [2_1|3|3][0][1][2][2] -> [1_3|3|3][0][2][2][2]
0 : 0, [1_255|255|255][0][2][0][0] -> [1_255|255|255][0][2][0][0]
0 : 0, [1_255|255|255][0][2][0][0] -> [1_255|255|255][0][3][0][0]
0 : 0, [1_3|0|2][0][2][1][1] -> [2_3|3|2][0][2][2][1]
0 : 0, [1_3|0|2][0][2][1][1] -> [3_3|0|3][0][2][1][2]
0 : 0, [3_0|0|3][0][1][1][2] -> [1_3|0|3][0][2][1][2]
0 : 0, [3_0|0|3][0][1][1][2] -> [2_0|3|3][0][1][2][2]
0 : 0, [1_3|0|1][0][2][1][1] -> [2_3|3|1][0][2][2][1]
0 : 0, [1_3|0|1][0][2][1][1] -> [3_3|0|3][0][2][1][2]
0 : 0, [1_2|0|1][0][2][1][1] -> [2_2|3|1][0][2][2][1]
0 : 0, [1_2|0|1][0][2][1][1] -> [3_2|0|3][0][2][1][2]
0 : 0, [3_3|1|3][0][2][1][2] -> [3_2|0|2][0][2][1][2]
0 : 0, [3_3|1|3][0][2][1][2] -> [2_3|3|3][0][2][2][2]
0 : 0, [3_0|0|2][0][1][1][2] -> [1_3|0|2][0][2][1][2]
0 : 0, [3_0|0|2][0][1][1][2] -> [2_0|3|2][0][1][2][2]
0 : 0, [1_3|1|3][0][2][1][2] -> [1_2|0|2][0][2][1][2]
0 : 0, [1_3|1|3][0][2][1][2] -> [2_3|3|3][0][2][2][2]
0 : 0, [2_1|3|255][0][2][2][0] -> [2_0|2|255][0][2][2][0]
0 : 0, [2_1|2|255][0][2][2][0] -> [2_0|1|255][0][2][2][0]
0 : 0, [2_1|1|255][0][2][2][0] -> [2_0|0|255][0][2][2][0]
0 : 0, [1_3|1|255][0][2][2][0] -> [1_2|0|255][0][2][2][0]
0 : 0, [1_2|1|255][0][2][2][0] -> [1_1|0|255][0][2][2][0]
0 : 0, [1_1|1|255][0][2][2][0] -> [1_0|0|255][0][2][2][0]
0 : 0, [1_3|0|0][0][2][1][1] -> [2_3|3|0][0][2][2][1]
0 : 0, [1_3|0|0][0][2][1][1] -> [3_3|0|3][0][2][1][2]
0 : 0, [2_0|3|0][0][1][2][1] -> [1_3|3|0][0][2][2][1]
0 : 0, [2_0|3|0][0][1][2][1] -> [3_0|3|3][0][1][2][2]
0 : 0, [1_2|0|0][0][2][1][1] -> [2_2|3|0][0][2][2][1]
0 : 0, [1_2|0|0][0][2][1][1] -> [3_2|0|3][0][2][1][2]
0 : 0, [2_3|3|1][0][2][2][1] -> [2_2|2|0][0][2][2][1]
0 : 0, [2_3|3|1][0][2][2][1] -> [3_3|3|3][0][2][2][2]
0 : 0, [2_0|2|0][0][1][2][1] -> [1_3|2|0][0][2][2][1]
0 : 0, [2_0|2|0][0][1][2][1] -> [3_0|2|3][0][1][2][2]
0 : 0, [1_3|3|1][0][2][2][1] -> [1_2|2|0][0][2][2][1]
0 : 0, [1_3|3|1][0][2][2][1] -> [3_3|3|3][0][2][2][2]
0 : 0, [1_1|0|0][0][2][1][1] -> [2_1|3|0][0][2][2][1]
0 : 0, [1_1|0|0][0][2][1][1] -> [3_1|0|3][0][2][1][2]
0 : 0, [2_2|3|1][0][2][2][1] -> [2_1|2|0][0][2][2][1]
0 : 0, [2_2|3|1][0][2][2][1] -> [3_2|3|3][0][2][2][2]
0 : 0, [3_2|1|3][0][2][1][2] -> [3_1|0|2][0][2][1][2]
0 : 0, [3_2|1|3][0][2][1][2] -> [2_2|3|3][0][2][2][2]
0 : 0, [2_2|2|1][0][2][2][1] -> [2_1|1|0][0][2][2][1]
0 : 0, [2_2|2|1][0][2][2][1] -> [3_2|2|3][0][2][2][2]
0 : 0, [3_3|3|3][0][2][2][2] -> [3_2|2|2][0][2][2][2]
0 : 0, [3_2|1|2][0][2][1][2] -> [3_1|0|1][0][2][1][2]
0 : 0, [3_2|1|2][0][2][1][2] -> [2_2|3|2][0][2][2][2]
0 : 0, [2_3|3|3][0][2][2][2] -> [2_2|2|2][0][2][2][2]
0 : 0, [2_0|1|0][0][1][2][1] -> [1_3|1|0][0][2][2][1]
0 : 0, [2_0|1|0][0][1][2][1] -> [3_0|1|3][0][1][2][2]
0 : 0, [1_3|2|1][0][2][2][1] -> [1_2|1|0][0][2][2][1]
0 : 0, [1_3|2|1][0][2][2][1] -> [3_3|2|3][0][2][2][2]
0 : 0, [3_1|2|3][0][1][2][2] -> [3_0|1|2][0][1][2][2]
0 : 0, [3_1|2|3][0][1][2][2] -> [1_3|2|3][0][2][2][2]
0 : 0, [1_2|2|1][0][2][2][1] -> [1_1|1|0][0][2][2][1]
0 : 0, [1_2|2|1][0][2][2][1] -> [3_2|2|3][0][2][2][2]
0 : 0, [3_1|2|2][0][1][2][2] -> [3_0|1|1][0][1][2][2]
0 : 0, [3_1|2|2][0][1][2][2] -> [1_3|2|2][0][2][2][2]
0 : 0, [1_3|3|3][0][2][2][2] -> [1_2|2|2][0][2][2][2]
0 : 0, [3_0|0|1][0][1][1][2] -> [1_3|0|1][0][2][1][2]
0 : 0, [3_0|0|1][0][1][1][2] -> [2_0|3|1][0][1][2][2]
0 : 0, [1_3|1|2][0][2][1][2] -> [1_2|0|1][0][2][1][2]
0 : 0, [1_3|1|2][0][2][1][2] -> [2_3|3|2][0][2][2][2]
0 : 0, [2_1|3|2][0][1][2][2] -> [2_0|2|1][0][1][2][2]
0 : 0, [2_1|3|2][0][1][2][2] -> [1_3|3|2][0][2][2][2]
0 : 0, [1_2|1|2][0][2][1][2] -> [1_1|0|1][0][2][1][2]
0 : 0, [1_2|1|2][0][2][1][2] -> [2_2|3|2][0][2][2][2]
0 : 0, [2_1|2|2][0][1][2][2] -> [2_0|1|1][0][1][2][2]
0 : 0, [2_1|2|2][0][1][2][2] -> [1_3|2|2][0][2][2][2]
0 : 0, [1_3|2|0][0][2][1][1] -> [2_3|3|0][0][2][2][1]
0 : 0, [1_3|2|0][0][2][1][1] -> [3_3|2|3][0][2][1][2]
0 : 0, [1_3|1|0][0][2][1][1] -> [2_3|3|0][0][2][2][1]
0 : 0, [1_3|1|0][0][2][1][1] -> [3_3|1|3][0][2][1][2]
0 : 0, [1_2|1|0][0][2][1][1] -> [2_2|3|0][0][2][2][1]
0 : 0, [1_2|1|0][0][2][1][1] -> [3_2|1|3][0][2][1][2]
0 : 0, [3_1|255|3][0][2][0][2] -> [3_0|255|2][0][2][0][2]
0 : 0, [3_1|255|2][0][2][0][2] -> [3_0|255|1][0][2][0][2]
0 : 0, [3_1|255|1][0][2][0][2] -> [3_0|255|0][0][2][0][2]
0 : 0, [1_3|255|1][0][2][0][2] -> [1_2|255|0][0][2][0][2]
0 : 0, [1_2|255|1][0][2][0][2] -> [1_1|255|0][0][2][0][2]
0 : 0, [1_1|255|1][0][2][0][2] -> [1_0|255|0][0][2][0][2]
0 : 0, [3_2|0|3][0][1][1][2] -> [1_3|0|3][0][2][1][2]
0 : 0, [3_2|0|3][0][1][1][2] -> [2_2|3|3][0][1][2][2]
0 : 0, [3_1|0|3][0][1][1][2] -> [1_3|0|3][0][2][1][2]
0 : 0, [3_1|0|3][0][1][1][2] -> [2_1|3|3][0][1][2][2]
0 : 0, [3_1|0|2][0][1][1][2] -> [1_3|0|2][0][2][1][2]
0 : 0, [3_1|0|2][0][1][1][2] -> [2_1|3|2][0][1][2][2]
0 : 0, [2_255|255|255][0][0][2][0] -> [2_255|255|255][0][0][2][0]
0 : 0, [2_255|255|255][0][0][2][0] -> [2_255|255|255][0][0][3][0]
0 : 0, [2_2|3|0][0][1][2][1] -> [1_3|3|0][0][2][2][1]
0 : 0, [2_2|3|0][0][1][2][1] -> [3_2|3|3][0][1][2][2]
0 : 0, [2_1|3|0][0][1][2][1] -> [1_3|3|0][0][2][2][1]
0 : 0, [2_1|3|0][0][1][2][1] -> [3_1|3|3][0][1][2][2]
0 : 0, [2_1|2|0][0][1][2][1] -> [1_3|2|0][0][2][2][1]
0 : 0, [2_1|2|0][0][1][2][1] -> [3_1|2|3][0][1][2][2]
0 : 0, [3_255|1|3][0][0][2][2] -> [3_255|0|2][0][0][2][2]
0 : 0, [3_255|1|2][0][0][2][2] -> [3_255|0|1][0][0][2][2]
0 : 0, [3_255|1|1][0][0][2][2] -> [3_255|0|0][0][0][2][2]
0 : 0, [2_255|3|1][0][0][2][2] -> [2_255|2|0][0][0][2][2]
0 : 0, [2_255|2|1][0][0][2][2] -> [2_255|1|0][0][0][2][2]
0 : 0, [2_255|1|1][0][0][2][2] -> [2_255|0|0][0][0][2][2]
0 : 0, [3_255|255|255][0][0][0][2] -> [3_255|255|255][0][0][0][2]
0 : 0, [3_255|255|255][0][0][0][2] -> [3_255|255|255][0][0][0][3]
0 : 0, [3_0|3|3][0][1][2][2] -> [1_3|3|3][0][2][2][2]
0 : 0, [2_0|3|3][0][1][2][2] -> [1_3|3|3][0][2][2][2]
0 : 0, [3_0|2|3][0][1][2][2] -> [1_3|2|3][0][2][2][2]
0 : 0, [3_0|2|2][0][1][2][2] -> [1_3|2|2][0][2][2][2]
0 : 0, [2_0|3|2][0][1][2][2] -> [1_3|3|2][0][2][2][2]
0 : 0, [2_0|2|2][0][1][2][2] -> [1_3|2|2][0][2][2][2]
1 : 1, [1_255|255|255][0][3][0][0] -> [1_255|255|255][0][3][0][0]
1 : 1, [1_255|255|255][0][3][0][0] -> [0_255|255|255][0][0][0][0]
0 : 0, [3_3|0|3][0][2][1][2] -> [2_3|3|3][0][2][2][2]
0 : 0, [1_3|0|3][0][2][1][2] -> [2_3|3|3][0][2][2][2]
0 : 0, [3_2|0|3][0][2][1][2] -> [2_2|3|3][0][2][2][2]
0 : 0, [3_2|0|2][0][2][1][2] -> [2_2|3|2][0][2][2][2]
0 : 0, [1_3|0|2][0][2][1][2] -> [2_3|3|2][0][2][2][2]
0 : 0, [1_2|0|2][0][2][1][2] -> [2_2|3|2][0][2][2][2]
0 : 0, [2_0|2|255][0][2][2][0] -> [2_255|2|255][0][2][2][0]
0 : 0, [2_0|1|255][0][2][2][0] -> [2_255|1|255][0][2][2][0]
0 : 0, [2_0|0|255][0][2][2][0] -> [2_255|0|255][0][2][2][0]
0 : 0, [2_0|0|255][0][2][2][0] -> [2_0|255|255][0][2][2][0]
0 : 0, [1_2|0|255][0][2][2][0] -> [1_2|255|255][0][2][2][0]
0 : 0, [1_1|0|255][0][2][2][0] -> [1_1|255|255][0][2][2][0]
0 : 0, [1_0|0|255][0][2][2][0] -> [1_255|0|255][0][2][2][0]
0 : 0, [1_0|0|255][0][2][2][0] -> [1_0|255|255][0][2][2][0]
0 : 0, [2_3|3|0][0][2][2][1] -> [3_3|3|3][0][2][2][2]
0 : 0, [1_3|3|0][0][2][2][1] -> [3_3|3|3][0][2][2][2]
0 : 0, [2_2|3|0][0][2][2][1] -> [3_2|3|3][0][2][2][2]
0 : 0, [2_2|2|0][0][2][2][1] -> [3_2|2|3][0][2][2][2]
0 : 0, [1_3|2|0][0][2][2][1] -> [3_3|2|3][0][2][2][2]
0 : 0, [1_2|2|0][0][2][2][1] -> [3_2|2|3][0][2][2][2]
0 : 0, [2_1|3|0][0][2][2][1] -> [3_1|3|3][0][2][2][2]
0 : 0, [3_1|0|3][0][2][1][2] -> [2_1|3|3][0][2][2][2]
0 : 0, [2_1|2|0][0][2][2][1] -> [3_1|2|3][0][2][2][2]
0 : 0, [3_2|3|3][0][2][2][2] -> [3_1|2|2][0][2][2][2]
0 : 0, [3_1|0|2][0][2][1][2] -> [2_1|3|2][0][2][2][2]
0 : 0, [2_2|3|3][0][2][2][2] -> [2_1|2|2][0][2][2][2]
0 : 0, [2_1|1|0][0][2][2][1] -> [3_1|1|3][0][2][2][2]
0 : 0, [3_2|2|3][0][2][2][2] -> [3_1|1|2][0][2][2][2]
0 : 0, [3_2|2|2][0][2][2][2] -> [3_1|1|1][0][2][2][2]
0 : 0, [3_1|0|1][0][2][1][2] -> [2_1|3|1][0][2][2][2]
0 : 0, [2_2|3|2][0][2][2][2] -> [2_1|2|1][0][2][2][2]
0 : 0, [2_2|2|2][0][2][2][2] -> [2_1|1|1][0][2][2][2]
0 : 0, [1_3|1|0][0][2][2][1] -> [3_3|1|3][0][2][2][2]
0 : 0, [3_0|1|3][0][1][2][2] -> [1_3|1|3][0][2][2][2]
0 : 0, [1_2|1|0][0][2][2][1] -> [3_2|1|3][0][2][2][2]
0 : 0, [3_3|2|3][0][2][2][2] -> [3_2|1|2][0][2][2][2]
0 : 0, [3_0|1|2][0][1][2][2] -> [1_3|1|2][0][2][2][2]
0 : 0, [1_3|2|3][0][2][2][2] -> [1_2|1|2][0][2][2][2]
0 : 0, [1_1|1|0][0][2][2][1] -> [3_1|1|3][0][2][2][2]
0 : 0, [3_0|1|1][0][1][2][2] -> [1_3|1|1][0][2][2][2]
0 : 0, [1_3|2|2][0][2][2][2] -> [1_2|1|1][0][2][2][2]
0 : 0, [1_2|2|2][0][2][2][2] -> [1_1|1|1][0][2][2][2]
0 : 0, [1_3|0|1][0][2][1][2] -> [2_3|3|1][0][2][2][2]
0 : 0, [2_0|3|1][0][1][2][2] -> [1_3|3|1][0][2][2][2]
0 : 0, [1_2|0|1][0][2][1][2] -> [2_2|3|1][0][2][2][2]
0 : 0, [2_3|3|2][0][2][2][2] -> [2_2|2|1][0][2][2][2]
0 : 0, [2_0|2|1][0][1][2][2] -> [1_3|2|1][0][2][2][2]
0 : 0, [1_3|3|2][0][2][2][2] -> [1_2|2|1][0][2][2][2]
0 : 0, [1_1|0|1][0][2][1][2] -> [2_1|3|1][0][2][2][2]
0 : 0, [2_0|1|1][0][1][2][2] -> [1_3|1|1][0][2][2][2]
0 : 0, [3_0|255|2][0][2][0][2] -> [3_255|255|2][0][2][0][2]
0 : 0, [3_0|255|1][0][2][0][2] -> [3_255|255|1][0][2][0][2]
0 : 0, [3_0|255|0][0][2][0][2] -> [3_255|255|0][0][2][0][2]
0 : 0, [3_0|255|0][0][2][0][2] -> [3_0|255|255][0][2][0][2]
0 : 0, [1_2|255|0][0][2][0][2] -> [1_2|255|255][0][2][0][2]
0 : 0, [1_1|255|0][0][2][0][2] -> [1_1|255|255][0][2][0][2]
0 : 0, [1_0|255|0][0][2][0][2] -> [1_255|255|0][0][2][0][2]
0 : 0, [1_0|255|0][0][2][0][2] -> [1_0|255|255][0][2][0][2]
1 : 1, [2_255|255|255][0][0][3][0] -> [2_255|255|255][0][0][3][0]
1 : 1, [2_255|255|255][0][0][3][0] -> [0_255|255|255][0][0][0][0]
0 : 0, [3_255|0|2][0][0][2][2] -> [3_255|255|2][0][0][2][2]
0 : 0, [3_255|0|1][0][0][2][2] -> [3_255|255|1][0][0][2][2]
0 : 0, [3_255|0|0][0][0][2][2] -> [3_255|255|0][0][0][2][2]
0 : 0, [3_255|0|0][0][0][2][2] -> [3_255|0|255][0][0][2][2]
0 : 0, [2_255|2|0][0][0][2][2] -> [2_255|2|255][0][0][2][2]
0 : 0, [2_255|1|0][0][0][2][2] -> [2_255|1|255][0][0][2][2]
0 : 0, [2_255|0|0][0][0][2][2] -> [2_255|255|0][0][0][2][2]
0 : 0, [2_255|0|0][0][0][2][2] -> [2_255|0|255][0][0][2][2]
1 : 1, [3_255|255|255][0][0][0][3] -> [3_255|255|255][0][0][0][3]
1 : 1, [3_255|255|255][0][0][0][3] -> [0_255|255|255][0][0][0][0]
0 : 0, [2_255|2|255][0][2][2][0] -> [2_255|1|255][0][2][2][0]
0 : 0, [2_255|2|255][0][2][2][0] -> [2_255|2|255][0][0][2][0]
0 : 0, [2_255|1|255][0][2][2][0] -> [2_255|0|255][0][2][2][0]
0 : 0, [2_255|1|255][0][2][2][0] -> [2_255|1|255][0][0][2][0]
0 : 0, [2_255|0|255][0][2][2][0] -> [2_255|0|255][0][0][2][0]
0 : 0, [2_255|0|255][0][2][2][0] -> [2_255|255|255][0][2][2][0]
0 : 0, [2_0|255|255][0][2][2][0] -> [2_255|255|255][0][2][2][0]
0 : 0, [2_0|255|255][0][2][2][0] -> [2_0|255|255][0][2][3][0]
0 : 0, [1_2|255|255][0][2][2][0] -> [1_1|255|255][0][2][2][0]
0 : 0, [1_2|255|255][0][2][2][0] -> [1_2|255|255][0][2][0][0]
0 : 0, [1_1|255|255][0][2][2][0] -> [1_0|255|255][0][2][2][0]
0 : 0, [1_1|255|255][0][2][2][0] -> [1_1|255|255][0][2][0][0]
0 : 0, [1_255|0|255][0][2][2][0] -> [1_255|0|255][0][3][2][0]
0 : 0, [1_255|0|255][0][2][2][0] -> [1_255|255|255][0][2][2][0]
0 : 0, [1_0|255|255][0][2][2][0] -> [1_255|255|255][0][2][2][0]
0 : 0, [1_0|255|255][0][2][2][0] -> [1_0|255|255][0][2][0][0]
0 : 0, [3_1|3|3][0][2][2][2] -> [3_0|2|2][0][2][2][2]
0 : 0, [2_1|3|3][0][2][2][2] -> [2_0|2|2][0][2][2][2]
0 : 0, [3_1|2|3][0][2][2][2] -> [3_0|1|2][0][2][2][2]
0 : 0, [3_1|2|2][0][2][2][2] -> [3_0|1|1][0][2][2][2]
0 : 0, [2_1|3|2][0][2][2][2] -> [2_0|2|1][0][2][2][2]
0 : 0, [2_1|2|2][0][2][2][2] -> [2_0|1|1][0][2][2][2]
0 : 0, [3_1|1|3][0][2][2][2] -> [3_0|0|2][0][2][2][2]
0 : 0, [3_1|1|2][0][2][2][2] -> [3_0|0|1][0][2][2][2]
0 : 0, [3_1|1|1][0][2][2][2] -> [3_0|0|0][0][2][2][2]
0 : 0, [2_1|3|1][0][2][2][2] -> [2_0|2|0][0][2][2][2]
0 : 0, [2_1|2|1][0][2][2][2] -> [2_0|1|0][0][2][2][2]
0 : 0, [2_1|1|1][0][2][2][2] -> [2_0|0|0][0][2][2][2]
0 : 0, [3_3|1|3][0][2][2][2] -> [3_2|0|2][0][2][2][2]
0 : 0, [1_3|1|3][0][2][2][2] -> [1_2|0|2][0][2][2][2]
0 : 0, [3_2|1|3][0][2][2][2] -> [3_1|0|2][0][2][2][2]
0 : 0, [3_2|1|2][0][2][2][2] -> [3_1|0|1][0][2][2][2]
0 : 0, [1_3|1|2][0][2][2][2] -> [1_2|0|1][0][2][2][2]
0 : 0, [1_2|1|2][0][2][2][2] -> [1_1|0|1][0][2][2][2]
0 : 0, [1_3|1|1][0][2][2][2] -> [1_2|0|0][0][2][2][2]
0 : 0, [1_2|1|1][0][2][2][2] -> [1_1|0|0][0][2][2][2]
0 : 0, [1_1|1|1][0][2][2][2] -> [1_0|0|0][0][2][2][2]
0 : 0, [2_3|3|1][0][2][2][2] -> [2_2|2|0][0][2][2][2]
0 : 0, [1_3|3|1][0][2][2][2] -> [1_2|2|0][0][2][2][2]
0 : 0, [2_2|3|1][0][2][2][2] -> [2_1|2|0][0][2][2][2]
0 : 0, [2_2|2|1][0][2][2][2] -> [2_1|1|0][0][2][2][2]
0 : 0, [1_3|2|1][0][2][2][2] -> [1_2|1|0][0][2][2][2]
0 : 0, [1_2|2|1][0][2][2][2] -> [1_1|1|0][0][2][2][2]
0 : 0, [3_255|255|2][0][2][0][2] -> [3_255|255|1][0][2][0][2]
0 : 0, [3_255|255|2][0][2][0][2] -> [3_255|255|2][0][0][0][2]
0 : 0, [3_255|255|1][0][2][0][2] -> [3_255|255|0][0][2][0][2]
0 : 0, [3_255|255|1][0][2][0][2] -> [3_255|255|1][0][0][0][2]
0 : 0, [3_255|255|0][0][2][0][2] -> [3_255|255|0][0][0][0][2]
0 : 0, [3_255|255|0][0][2][0][2] -> [3_255|255|255][0][2][0][2]
0 : 0, [3_0|255|255][0][2][0][2] -> [3_255|255|255][0][2][0][2]
0 : 0, [3_0|255|255][0][2][0][2] -> [3_0|255|255][0][2][0][3]
0 : 0, [1_2|255|255][0][2][0][2] -> [1_1|255|255][0][2][0][2]
0 : 0, [1_2|255|255][0][2][0][2] -> [1_2|255|255][0][2][0][0]
0 : 0, [1_1|255|255][0][2][0][2] -> [1_0|255|255][0][2][0][2]
0 : 0, [1_1|255|255][0][2][0][2] -> [1_1|255|255][0][2][0][0]
0 : 0, [1_255|255|0][0][2][0][2] -> [1_255|255|0][0][3][0][2]
0 : 0, [1_255|255|0][0][2][0][2] -> [1_255|255|255][0][2][0][2]
0 : 0, [1_0|255|255][0][2][0][2] -> [1_255|255|255][0][2][0][2]
0 : 0, [1_0|255|255][0][2][0][2] -> [1_0|255|255][0][2][0][0]
0 : 0, [3_255|255|2][0][0][2][2] -> [3_255|255|1][0][0][2][2]
0 : 0, [3_255|255|2][0][0][2][2] -> [3_255|255|2][0][0][0][2]
0 : 0, [3_255|255|1][0][0][2][2] -> [3_255|255|0][0][0][2][2]
0 : 0, [3_255|255|1][0][0][2][2] -> [3_255|255|1][0][0][0][2]
0 : 0, [3_255|255|0][0][0][2][2] -> [3_255|255|0][0][0][0][2]
0 : 0, [3_255|255|0][0][0][2][2] -> [3_255|255|255][0][0][2][2]
0 : 0, [3_255|0|255][0][0][2][2] -> [3_255|255|255][0][0][2][2]
0 : 0, [3_255|0|255][0][0][2][2] -> [3_255|0|255][0][0][2][3]
0 : 0, [2_255|2|255][0][0][2][2] -> [2_255|1|255][0][0][2][2]
0 : 0, [2_255|2|255][0][0][2][2] -> [2_255|2|255][0][0][2][0]
0 : 0, [2_255|1|255][0][0][2][2] -> [2_255|0|255][0][0][2][2]
0 : 0, [2_255|1|255][0][0][2][2] -> [2_255|1|255][0][0][2][0]
0 : 0, [2_255|255|0][0][0][2][2] -> [2_255|255|0][0][0][3][2]
0 : 0, [2_255|255|0][0][0][2][2] -> [2_255|255|255][0][0][2][2]
0 : 0, [2_255|0|255][0][0][2][2] -> [2_255|255|255][0][0][2][2]
0 : 0, [2_255|0|255][0][0][2][2] -> [2_255|0|255][0][0][2][0]
0 : 0, [2_255|255|255][0][2][2][0] -> [2_255|255|255][0][2][2][0]
0 : 0, [2_255|255|255][0][2][2][0] -> [2_255|255|255][0][0][2][0]
0 : 0, [2_255|255|255][0][2][2][0] -> [2_255|255|255][0][2][3][0]
1 : 1, [2_0|255|255][0][2][3][0] -> [2_255|255|255][0][2][3][0]
1 : 1, [2_0|255|255][0][2][3][0] -> [0_0|255|255][0][2][0][0]
1 : 1, [1_255|0|255][0][3][2][0] -> [0_255|0|255][0][0][2][0]
1 : 1, [1_255|0|255][0][3][2][0] -> [1_255|255|255][0][3][2][0]
0 : 0, [1_255|255|255][0][2][2][0] -> [1_255|255|255][0][2][2][0]
0 : 0, [1_255|255|255][0][2][2][0] -> [1_255|255|255][0][3][2][0]
0 : 0, [1_255|255|255][0][2][2][0] -> [1_255|255|255][0][2][0][0]
0 : 0, [3_0|2|2][0][2][2][2] -> [3_255|2|2][0][2][2][2]
0 : 0, [2_0|2|2][0][2][2][2] -> [2_255|2|2][0][2][2][2]
0 : 0, [3_0|1|2][0][2][2][2] -> [3_255|1|2][0][2][2][2]
0 : 0, [3_0|1|1][0][2][2][2] -> [3_255|1|1][0][2][2][2]
0 : 0, [2_0|2|1][0][2][2][2] -> [2_255|2|1][0][2][2][2]
0 : 0, [2_0|1|1][0][2][2][2] -> [2_255|1|1][0][2][2][2]
0 : 0, [3_0|0|2][0][2][2][2] -> [3_255|0|2][0][2][2][2]
0 : 0, [3_0|0|2][0][2][2][2] -> [3_0|255|2][0][2][2][2]
0 : 0, [3_0|0|1][0][2][2][2] -> [3_255|0|1][0][2][2][2]
0 : 0, [3_0|0|1][0][2][2][2] -> [3_0|255|1][0][2][2][2]
0 : 0, [3_0|0|0][0][2][2][2] -> [3_255|0|0][0][2][2][2]
0 : 0, [3_0|0|0][0][2][2][2] -> [3_0|255|0][0][2][2][2]
0 : 0, [3_0|0|0][0][2][2][2] -> [3_0|0|255][0][2][2][2]
0 : 0, [2_0|2|0][0][2][2][2] -> [2_255|2|0][0][2][2][2]
0 : 0, [2_0|2|0][0][2][2][2] -> [2_0|2|255][0][2][2][2]
0 : 0, [2_0|1|0][0][2][2][2] -> [2_255|1|0][0][2][2][2]
0 : 0, [2_0|1|0][0][2][2][2] -> [2_0|1|255][0][2][2][2]
0 : 0, [2_0|0|0][0][2][2][2] -> [2_255|0|0][0][2][2][2]
0 : 0, [2_0|0|0][0][2][2][2] -> [2_0|255|0][0][2][2][2]
0 : 0, [2_0|0|0][0][2][2][2] -> [2_0|0|255][0][2][2][2]
0 : 0, [3_2|0|2][0][2][2][2] -> [3_2|255|2][0][2][2][2]
0 : 0, [1_2|0|2][0][2][2][2] -> [1_2|255|2][0][2][2][2]
0 : 0, [3_1|0|2][0][2][2][2] -> [3_1|255|2][0][2][2][2]
0 : 0, [3_1|0|1][0][2][2][2] -> [3_1|255|1][0][2][2][2]
0 : 0, [1_2|0|1][0][2][2][2] -> [1_2|255|1][0][2][2][2]
0 : 0, [1_1|0|1][0][2][2][2] -> [1_1|255|1][0][2][2][2]
0 : 0, [1_2|0|0][0][2][2][2] -> [1_2|255|0][0][2][2][2]
0 : 0, [1_2|0|0][0][2][2][2] -> [1_2|0|255][0][2][2][2]
0 : 0, [1_1|0|0][0][2][2][2] -> [1_1|255|0][0][2][2][2]
0 : 0, [1_1|0|0][0][2][2][2] -> [1_1|0|255][0][2][2][2]
0 : 0, [1_0|0|0][0][2][2][2] -> [1_255|0|0][0][2][2][2]
0 : 0, [1_0|0|0][0][2][2][2] -> [1_0|255|0][0][2][2][2]
0 : 0, [1_0|0|0][0][2][2][2] -> [1_0|0|255][0][2][2][2]
0 : 0, [2_2|2|0][0][2][2][2] -> [2_2|2|255][0][2][2][2]
0 : 0, [1_2|2|0][0][2][2][2] -> [1_2|2|255][0][2][2][2]
0 : 0, [2_1|2|0][0][2][2][2] -> [2_1|2|255][0][2][2][2]
0 : 0, [2_1|1|0][0][2][2][2] -> [2_1|1|255][0][2][2][2]
0 : 0, [1_2|1|0][0][2][2][2] -> [1_2|1|255][0][2][2][2]
0 : 0, [1_1|1|0][0][2][2][2] -> [1_1|1|255][0][2][2][2]
0 : 0, [3_255|255|255][0][2][0][2] -> [3_255|255|255][0][2][0][2]
0 : 0, [3_255|255|255][0][2][0][2] -> [3_255|255|255][0][0][0][2]
0 : 0, [3_255|255|255][0][2][0][2] -> [3_255|255|255][0][2][0][3]
1 : 1, [3_0|255|255][0][2][0][3] -> [3_255|255|255][0][2][0][3]
1 : 1, [3_0|255|255][0][2][0][3] -> [0_0|255|255][0][2][0][0]
1 : 1, [1_255|255|0][0][3][0][2] -> [0_255|255|0][0][0][0][2]
1 : 1, [1_255|255|0][0][3][0][2] -> [1_255|255|255][0][3][0][2]
0 : 0, [1_255|255|255][0][2][0][2] -> [1_255|255|255][0][2][0][2]
0 : 0, [1_255|255|255][0][2][0][2] -> [1_255|255|255][0][3][0][2]
0 : 0, [1_255|255|255][0][2][0][2] -> [1_255|255|255][0][2][0][0]
0 : 0, [3_255|255|255][0][0][2][2] -> [3_255|255|255][0][0][2][2]
0 : 0, [3_255|255|255][0][0][2][2] -> [3_255|255|255][0][0][0][2]
0 : 0, [3_255|255|255][0][0][2][2] -> [3_255|255|255][0][0][2][3]
1 : 1, [3_255|0|255][0][0][2][3] -> [3_255|255|255][0][0][2][3]
1 : 1, [3_255|0|255][0][0][2][3] -> [0_255|0|255][0][0][2][0]
1 : 1, [2_255|255|0][0][0][3][2] -> [0_255|255|0][0][0][0][2]
1 : 1, [2_255|255|0][0][0][3][2] -> [2_255|255|255][0][0][3][2]
0 : 0, [2_255|255|255][0][0][2][2] -> [2_255|255|255][0][0][2][2]
0 : 0, [2_255|255|255][0][0][2][2] -> [2_255|255|255][0][0][3][2]
0 : 0, [2_255|255|255][0][0][2][2] -> [2_255|255|255][0][0][2][0]
1 : 1, [2_255|255|255][0][2][3][0] -> [2_255|255|255][0][2][3][0]
1 : 1, [2_255|255|255][0][2][3][0] -> [2_255|255|255][0][0][3][0]
1 : 1, [2_255|255|255][0][2][3][0] -> [0_255|255|255][0][2][0][0]
0 : 0, [0_0|255|255][0][2][0][0] -> [0_255|255|255][0][2][0][0]
0 : 0, [0_0|255|255][0][2][0][0] -> [0_0|2|255][0][2][1][0]
0 : 0, [0_0|255|255][0][2][0][0] -> [0_0|255|2][0][2][0][1]
0 : 0, [0_255|0|255][0][0][2][0] -> [0_2|0|255][0][1][2][0]
0 : 0, [0_255|0|255][0][0][2][0] -> [0_255|255|255][0][0][2][0]
0 : 0, [0_255|0|255][0][0][2][0] -> [0_255|0|2][0][0][2][1]
1 : 1, [1_255|255|255][0][3][2][0] -> [1_255|255|255][0][3][2][0]
1 : 1, [1_255|255|255][0][3][2][0] -> [0_255|255|255][0][0][2][0]
1 : 1, [1_255|255|255][0][3][2][0] -> [1_255|255|255][0][3][0][0]
0 : 0, [3_255|2|2][0][2][2][2] -> [3_255|1|1][0][2][2][2]
0 : 0, [3_255|2|2][0][2][2][2] -> [3_255|2|2][0][0][2][2]
0 : 0, [2_255|2|2][0][2][2][2] -> [2_255|1|1][0][2][2][2]
0 : 0, [2_255|2|2][0][2][2][2] -> [2_255|2|2][0][0][2][2]
0 : 0, [3_255|1|2][0][2][2][2] -> [3_255|0|1][0][2][2][2]
0 : 0, [3_255|1|2][0][2][2][2] -> [3_255|1|2][0][0][2][2]
0 : 0, [3_255|1|1][0][2][2][2] -> [3_255|0|0][0][2][2][2]
0 : 0, [3_255|1|1][0][2][2][2] -> [3_255|1|1][0][0][2][2]
0 : 0, [2_255|2|1][0][2][2][2] -> [2_255|1|0][0][2][2][2]
0 : 0, [2_255|2|1][0][2][2][2] -> [2_255|2|1][0][0][2][2]
0 : 0, [2_255|1|1][0][2][2][2] -> [2_255|0|0][0][2][2][2]
0 : 0, [2_255|1|1][0][2][2][2] -> [2_255|1|1][0][0][2][2]
0 : 0, [3_255|0|2][0][2][2][2] -> [3_255|0|2][0][0][2][2]
0 : 0, [3_255|0|2][0][2][2][2] -> [3_255|255|2][0][2][2][2]
0 : 0, [3_0|255|2][0][2][2][2] -> [3_255|255|2][0][2][2][2]
0 : 0, [3_0|255|2][0][2][2][2] -> [3_0|255|2][0][2][0][2]
0 : 0, [3_255|0|1][0][2][2][2] -> [3_255|0|1][0][0][2][2]
0 : 0, [3_255|0|1][0][2][2][2] -> [3_255|255|1][0][2][2][2]
0 : 0, [3_0|255|1][0][2][2][2] -> [3_255|255|1][0][2][2][2]
0 : 0, [3_0|255|1][0][2][2][2] -> [3_0|255|1][0][2][0][2]
0 : 0, [3_255|0|0][0][2][2][2] -> [3_255|0|0][0][0][2][2]
0 : 0, [3_255|0|0][0][2][2][2] -> [3_255|255|0][0][2][2][2]
0 : 0, [3_255|0|0][0][2][2][2] -> [3_255|0|255][0][2][2][2]
0 : 0, [3_0|255|0][0][2][2][2] -> [3_255|255|0][0][2][2][2]
0 : 0, [3_0|255|0][0][2][2][2] -> [3_0|255|0][0][2][0][2]
0 : 0, [3_0|255|0][0][2][2][2] -> [3_0|255|255][0][2][2][2]
0 : 0, [3_0|0|255][0][2][2][2] -> [3_255|0|255][0][2][2][2]
0 : 0, [3_0|0|255][0][2][2][2] -> [3_0|255|255][0][2][2][2]
0 : 0, [3_0|0|255][0][2][2][2] -> [3_0|0|255][0][2][2][3]
0 : 0, [2_255|2|0][0][2][2][2] -> [2_255|2|0][0][0][2][2]
0 : 0, [2_255|2|0][0][2][2][2] -> [2_255|2|255][0][2][2][2]
0 : 0, [2_0|2|255][0][2][2][2] -> [2_255|2|255][0][2][2][2]
0 : 0, [2_0|2|255][0][2][2][2] -> [2_0|2|255][0][2][2][0]
0 : 0, [2_255|1|0][0][2][2][2] -> [2_255|1|0][0][0][2][2]
0 : 0, [2_255|1|0][0][2][2][2] -> [2_255|1|255][0][2][2][2]
0 : 0, [2_0|1|255][0][2][2][2] -> [2_255|1|255][0][2][2][2]
0 : 0, [2_0|1|255][0][2][2][2] -> [2_0|1|255][0][2][2][0]
0 : 0, [2_255|0|0][0][2][2][2] -> [2_255|0|0][0][0][2][2]
0 : 0, [2_255|0|0][0][2][2][2] -> [2_255|255|0][0][2][2][2]
0 : 0, [2_255|0|0][0][2][2][2] -> [2_255|0|255][0][2][2][2]
0 : 0, [2_0|255|0][0][2][2][2] -> [2_255|255|0][0][2][2][2]
0 : 0, [2_0|255|0][0][2][2][2] -> [2_0|255|0][0][2][3][2]
0 : 0, [2_0|255|0][0][2][2][2] -> [2_0|255|255][0][2][2][2]
0 : 0, [2_0|0|255][0][2][2][2] -> [2_255|0|255][0][2][2][2]
0 : 0, [2_0|0|255][0][2][2][2] -> [2_0|255|255][0][2][2][2]
0 : 0, [2_0|0|255][0][2][2][2] -> [2_0|0|255][0][2][2][0]
0 : 0, [3_2|255|2][0][2][2][2] -> [3_1|255|1][0][2][2][2]
0 : 0, [3_2|255|2][0][2][2][2] -> [3_2|255|2][0][2][0][2]
0 : 0, [1_2|255|2][0][2][2][2] -> [1_1|255|1][0][2][2][2]
0 : 0, [1_2|255|2][0][2][2][2] -> [1_2|255|2][0][2][0][2]
0 : 0, [3_1|255|2][0][2][2][2] -> [3_0|255|1][0][2][2][2]
0 : 0, [3_1|255|2][0][2][2][2] -> [3_1|255|2][0][2][0][2]
0 : 0, [3_1|255|1][0][2][2][2] -> [3_0|255|0][0][2][2][2]
0 : 0, [3_1|255|1][0][2][2][2] -> [3_1|255|1][0][2][0][2]
0 : 0, [1_2|255|1][0][2][2][2] -> [1_1|255|0][0][2][2][2]
0 : 0, [1_2|255|1][0][2][2][2] -> [1_2|255|1][0][2][0][2]
0 : 0, [1_1|255|1][0][2][2][2] -> [1_0|255|0][0][2][2][2]
0 : 0, [1_1|255|1][0][2][2][2] -> [1_1|255|1][0][2][0][2]
0 : 0, [1_2|255|0][0][2][2][2] -> [1_2|255|0][0][2][0][2]
0 : 0, [1_2|255|0][0][2][2][2] -> [1_2|255|255][0][2][2][2]
0 : 0, [1_2|0|255][0][2][2][2] -> [1_2|255|255][0][2][2][2]
0 : 0, [1_2|0|255][0][2][2][2] -> [1_2|0|255][0][2][2][0]
0 : 0, [1_1|255|0][0][2][2][2] -> [1_1|255|0][0][2][0][2]
0 : 0, [1_1|255|0][0][2][2][2] -> [1_1|255|255][0][2][2][2]
0 : 0, [1_1|0|255][0][2][2][2] -> [1_1|255|255][0][2][2][2]
0 : 0, [1_1|0|255][0][2][2][2] -> [1_1|0|255][0][2][2][0]
0 : 0, [1_255|0|0][0][2][2][2] -> [1_255|0|0][0][3][2][2]
0 : 0, [1_255|0|0][0][2][2][2] -> [1_255|255|0][0][2][2][2]
0 : 0, [1_255|0|0][0][2][2][2] -> [1_255|0|255][0][2][2][2]
0 : 0, [1_0|255|0][0][2][2][2] -> [1_255|255|0][0][2][2][2]
0 : 0, [1_0|255|0][0][2][2][2] -> [1_0|255|0][0][2][0][2]
0 : 0, [1_0|255|0][0][2][2][2] -> [1_0|255|255][0][2][2][2]
0 : 0, [1_0|0|255][0][2][2][2] -> [1_255|0|255][0][2][2][2]
0 : 0, [1_0|0|255][0][2][2][2] -> [1_0|255|255][0][2][2][2]
0 : 0, [1_0|0|255][0][2][2][2] -> [1_0|0|255][0][2][2][0]
0 : 0, [2_2|2|255][0][2][2][2] -> [2_1|1|255][0][2][2][2]
0 : 0, [2_2|2|255][0][2][2][2] -> [2_2|2|255][0][2][2][0]
0 : 0, [1_2|2|255][0][2][2][2] -> [1_1|1|255][0][2][2][2]
0 : 0, [1_2|2|255][0][2][2][2] -> [1_2|2|255][0][2][2][0]
0 : 0, [2_1|2|255][0][2][2][2] -> [2_0|1|255][0][2][2][2]
0 : 0, [2_1|2|255][0][2][2][2] -> [2_1|2|255][0][2][2][0]
0 : 0, [2_1|1|255][0][2][2][2] -> [2_0|0|255][0][2][2][2]
0 : 0, [2_1|1|255][0][2][2][2] -> [2_1|1|255][0][2][2][0]
0 : 0, [1_2|1|255][0][2][2][2] -> [1_1|0|255][0][2][2][2]
0 : 0, [1_2|1|255][0][2][2][2] -> [1_2|1|255][0][2][2][0]
0 : 0, [1_1|1|255][0][2][2][2] -> [1_0|0|255][0][2][2][2]
0 : 0, [1_1|1|255][0][2][2][2] -> [1_1|1|255][0][2][2][0]
1 : 1, [3_255|255|255][0][2][0][3] -> [3_255|255|255][0][2][0][3]
1 : 1, [3_255|255|255][0][2][0][3] -> [3_255|255|255][0][0][0][3]
1 : 1, [3_255|255|255][0][2][0][3] -> [0_255|255|255][0][2][0][0]
0 : 0, [0_255|255|0][0][0][0][2] -> [0_2|255|0][0][1][0][2]
0 : 0, [0_255|255|0][0][0][0][2] -> [0_255|2|0][0][0][1][2]
0 : 0, [0_255|255|0][0][0][0][2] -> [0_255|255|255][0][0][0][2]
1 : 1, [1_255|255|255][0][3][0][2] -> [1_255|255|255][0][3][0][2]
1 : 1, [1_255|255|255][0][3][0][2] -> [0_255|255|255][0][0][0][2]
1 : 1, [1_255|255|255][0][3][0][2] -> [1_255|255|255][0][3][0][0]
1 : 1, [3_255|255|255][0][0][2][3] -> [3_255|255|255][0][0][2][3]
1 : 1, [3_255|255|255][0][0][2][3] -> [3_255|255|255][0][0][0][3]
1 : 1, [3_255|255|255][0][0][2][3] -> [0_255|255|255][0][0][2][0]
1 : 1, [2_255|255|255][0][0][3][2] -> [2_255|255|255][0][0][3][2]
1 : 1, [2_255|255|255][0][0][3][2] -> [0_255|255|255][0][0][0][2]
1 : 1, [2_255|255|255][0][0][3][2] -> [2_255|255|255][0][0][3][0]
0 : 0, [0_255|255|255][0][2][0][0] -> [0_255|255|255][0][2][0][0]
0 : 0, [0_255|255|255][0][2][0][0] -> [0_255|255|255][0][0][0][0]
0 : 0, [0_255|255|255][0][2][0][0] -> [0_255|2|255][0][2][1][0]
0 : 0, [0_255|255|255][0][2][0][0] -> [0_255|255|2][0][2][0][1]
0 : 0, [0_0|2|255][0][2][1][0] -> [0_255|2|255][0][2][1][0]
0 : 0, [0_0|2|255][0][2][1][0] -> [2_0|3|255][0][2][2][0]
0 : 0, [0_0|2|255][0][2][1][0] -> [0_0|2|2][0][2][1][1]
0 : 0, [0_0|255|2][0][2][0][1] -> [0_255|255|2][0][2][0][1]
0 : 0, [0_0|255|2][0][2][0][1] -> [0_0|2|2][0][2][1][1]
0 : 0, [0_0|255|2][0][2][0][1] -> [3_0|255|3][0][2][0][2]
0 : 0, [0_2|0|255][0][1][2][0] -> [1_3|0|255][0][2][2][0]
0 : 0, [0_2|0|255][0][1][2][0] -> [0_2|255|255][0][1][2][0]
0 : 0, [0_2|0|255][0][1][2][0] -> [0_2|0|2][0][1][2][1]
0 : 0, [0_255|255|255][0][0][2][0] -> [0_255|255|255][0][0][2][0]
0 : 0, [0_255|255|255][0][0][2][0] -> [0_2|255|255][0][1][2][0]
0 : 0, [0_255|255|255][0][0][2][0] -> [0_255|255|255][0][0][0][0]
0 : 0, [0_255|255|255][0][0][2][0] -> [0_255|255|2][0][0][2][1]
0 : 0, [0_255|0|2][0][0][2][1] -> [0_2|0|2][0][1][2][1]
0 : 0, [0_255|0|2][0][0][2][1] -> [0_255|255|2][0][0][2][1]
0 : 0, [0_255|0|2][0][0][2][1] -> [3_255|0|3][0][0][2][2]
0 : 0, [3_255|255|2][0][2][2][2] -> [3_255|255|1][0][2][2][2]
0 : 0, [3_255|255|2][0][2][2][2] -> [3_255|255|2][0][0][2][2]
0 : 0, [3_255|255|2][0][2][2][2] -> [3_255|255|2][0][2][0][2]
0 : 0, [3_255|255|1][0][2][2][2] -> [3_255|255|0][0][2][2][2]
0 : 0, [3_255|255|1][0][2][2][2] -> [3_255|255|1][0][0][2][2]
0 : 0, [3_255|255|1][0][2][2][2] -> [3_255|255|1][0][2][0][2]
0 : 0, [3_255|255|0][0][2][2][2] -> [3_255|255|0][0][0][2][2]
0 : 0, [3_255|255|0][0][2][2][2] -> [3_255|255|0][0][2][0][2]
0 : 0, [3_255|255|0][0][2][2][2] -> [3_255|255|255][0][2][2][2]
0 : 0, [3_255|0|255][0][2][2][2] -> [3_255|0|255][0][0][2][2]
0 : 0, [3_255|0|255][0][2][2][2] -> [3_255|255|255][0][2][2][2]
0 : 0, [3_255|0|255][0][2][2][2] -> [3_255|0|255][0][2][2][3]
0 : 0, [3_0|255|255][0][2][2][2] -> [3_255|255|255][0][2][2][2]
0 : 0, [3_0|255|255][0][2][2][2] -> [3_0|255|255][0][2][0][2]
0 : 0, [3_0|255|255][0][2][2][2] -> [3_0|255|255][0][2][2][3]
1 : 1, [3_0|0|255][0][2][2][3] -> [3_255|0|255][0][2][2][3]
1 : 1, [3_0|0|255][0][2][2][3] -> [3_0|255|255][0][2][2][3]
1 : 1, [3_0|0|255][0][2][2][3] -> [0_0|0|255][0][2][2][0]
0 : 0, [2_255|2|255][0][2][2][2] -> [2_255|1|255][0][2][2][2]
0 : 0, [2_255|2|255][0][2][2][2] -> [2_255|2|255][0][0][2][2]
0 : 0, [2_255|2|255][0][2][2][2] -> [2_255|2|255][0][2][2][0]
0 : 0, [2_255|1|255][0][2][2][2] -> [2_255|0|255][0][2][2][2]
0 : 0, [2_255|1|255][0][2][2][2] -> [2_255|1|255][0][0][2][2]
0 : 0, [2_255|1|255][0][2][2][2] -> [2_255|1|255][0][2][2][0]
0 : 0, [2_255|255|0][0][2][2][2] -> [2_255|255|0][0][0][2][2]
0 : 0, [2_255|255|0][0][2][2][2] -> [2_255|255|0][0][2][3][2]
0 : 0, [2_255|255|0][0][2][2][2] -> [2_255|255|255][0][2][2][2]
0 : 0, [2_255|0|255][0][2][2][2] -> [2_255|0|255][0][0][2][2]
0 : 0, [2_255|0|255][0][2][2][2] -> [2_255|255|255][0][2][2][2]
0 : 0, [2_255|0|255][0][2][2][2] -> [2_255|0|255][0][2][2][0]
1 : 1, [2_0|255|0][0][2][3][2] -> [2_255|255|0][0][2][3][2]
1 : 1, [2_0|255|0][0][2][3][2] -> [0_0|255|0][0][2][0][2]
1 : 1, [2_0|255|0][0][2][3][2] -> [2_0|255|255][0][2][3][2]
0 : 0, [2_0|255|255][0][2][2][2] -> [2_255|255|255][0][2][2][2]
0 : 0, [2_0|255|255][0][2][2][2] -> [2_0|255|255][0][2][3][2]
0 : 0, [2_0|255|255][0][2][2][2] -> [2_0|255|255][0][2][2][0]
0 : 0, [1_2|255|255][0][2][2][2] -> [1_1|255|255][0][2][2][2]
0 : 0, [1_2|255|255][0][2][2][2] -> [1_2|255|255][0][2][0][2]
0 : 0, [1_2|255|255][0][2][2][2] -> [1_2|255|255][0][2][2][0]
0 : 0, [1_1|255|255][0][2][2][2] -> [1_0|255|255][0][2][2][2]
0 : 0, [1_1|255|255][0][2][2][2] -> [1_1|255|255][0][2][0][2]
0 : 0, [1_1|255|255][0][2][2][2] -> [1_1|255|255][0][2][2][0]
1 : 1, [1_255|0|0][0][3][2][2] -> [0_255|0|0][0][0][2][2]
1 : 1, [1_255|0|0][0][3][2][2] -> [1_255|255|0][0][3][2][2]
1 : 1, [1_255|0|0][0][3][2][2] -> [1_255|0|255][0][3][2][2]
0 : 0, [1_255|255|0][0][2][2][2] -> [1_255|255|0][0][3][2][2]
0 : 0, [1_255|255|0][0][2][2][2] -> [1_255|255|0][0][2][0][2]
0 : 0, [1_255|255|0][0][2][2][2] -> [1_255|255|255][0][2][2][2]
0 : 0, [1_255|0|255][0][2][2][2] -> [1_255|0|255][0][3][2][2]
0 : 0, [1_255|0|255][0][2][2][2] -> [1_255|255|255][0][2][2][2]
0 : 0, [1_255|0|255][0][2][2][2] -> [1_255|0|255][0][2][2][0]
0 : 0, [1_0|255|255][0][2][2][2] -> [1_255|255|255][0][2][2][2]
0 : 0, [1_0|255|255][0][2][2][2] -> [1_0|255|255][0][2][0][2]
0 : 0, [1_0|255|255][0][2][2][2] -> [1_0|255|255][0][2][2][0]
0 : 0, [0_2|255|0][0][1][0][2] -> [1_3|255|0][0][2][0][2]
0 : 0, [0_2|255|0][0][1][0][2] -> [0_2|2|0][0][1][1][2]
0 : 0, [0_2|255|0][0][1][0][2] -> [0_2|255|255][0][1][0][2]
0 : 0, [0_255|2|0][0][0][1][2] -> [0_2|2|0][0][1][1][2]
0 : 0, [0_255|2|0][0][0][1][2] -> [2_255|3|0][0][0][2][2]
0 : 0, [0_255|2|0][0][0][1][2] -> [0_255|2|255][0][0][1][2]
0 : 0, [0_255|255|255][0][0][0][2] -> [0_255|255|255][0][0][0][2]
0 : 0, [0_255|255|255][0][0][0][2] -> [0_2|255|255][0][1][0][2]
0 : 0, [0_255|255|255][0][0][0][2] -> [0_255|2|255][0][0][1][2]
0 : 0, [0_255|255|255][0][0][0][2] -> [0_255|255|255][0][0][0][0]
0 : 0, [0_255|2|255][0][2][1][0] -> [0_255|1|255][0][2][1][0]
0 : 0, [0_255|2|255][0][2][1][0] -> [0_255|2|255][0][0][1][0]
0 : 0, [0_255|2|255][0][2][1][0] -> [2_255|3|255][0][2][2][0]
0 : 0, [0_255|2|255][0][2][1][0] -> [0_255|2|2][0][2][1][1]
0 : 0, [0_255|255|2][0][2][0][1] -> [0_255|255|1][0][2][0][1]
0 : 0, [0_255|255|2][0][2][0][1] -> [0_255|255|2][0][0][0][1]
0 : 0, [0_255|255|2][0][2][0][1] -> [0_255|2|2][0][2][1][1]
0 : 0, [0_255|255|2][0][2][0][1] -> [3_255|255|3][0][2][0][2]
0 : 0, [2_0|3|255][0][2][2][0] -> [2_255|3|255][0][2][2][0]
0 : 0, [0_0|2|2][0][2][1][1] -> [0_255|2|2][0][2][1][1]
0 : 0, [0_0|2|2][0][2][1][1] -> [2_0|3|2][0][2][2][1]
0 : 0, [0_0|2|2][0][2][1][1] -> [3_0|2|3][0][2][1][2]
0 : 0, [3_0|255|3][0][2][0][2] -> [3_255|255|3][0][2][0][2]
0 : 0, [1_3|0|255][0][2][2][0] -> [1_3|255|255][0][2][2][0]
0 : 0, [0_2|255|255][0][1][2][0] -> [0_1|255|255][0][1][2][0]
0 : 0, [0_2|255|255][0][1][2][0] -> [1_3|255|255][0][2][2][0]
0 : 0, [0_2|255|255][0][1][2][0] -> [0_2|255|255][0][1][0][0]
0 : 0, [0_2|255|255][0][1][2][0] -> [0_2|255|2][0][1][2][1]
0 : 0, [0_2|0|2][0][1][2][1] -> [1_3|0|2][0][2][2][1]
0 : 0, [0_2|0|2][0][1][2][1] -> [0_2|255|2][0][1][2][1]
0 : 0, [0_2|0|2][0][1][2][1] -> [3_2|0|3][0][1][2][2]
0 : 0, [0_255|255|2][0][0][2][1] -> [0_255|255|1][0][0][2][1]
0 : 0, [0_255|255|2][0][0][2][1] -> [0_2|255|2][0][1][2][1]
0 : 0, [0_255|255|2][0][0][2][1] -> [0_255|255|2][0][0][0][1]
0 : 0, [0_255|255|2][0][0][2][1] -> [3_255|255|3][0][0][2][2]
0 : 0, [3_255|0|3][0][0][2][2] -> [3_255|255|3][0][0][2][2]
0 : 0, [3_255|255|255][0][2][2][2] -> [3_255|255|255][0][2][2][2]
0 : 0, [3_255|255|255][0][2][2][2] -> [3_255|255|255][0][0][2][2]
0 : 0, [3_255|255|255][0][2][2][2] -> [3_255|255|255][0][2][0][2]
0 : 0, [3_255|255|255][0][2][2][2] -> [3_255|255|255][0][2][2][3]
1 : 1, [3_255|0|255][0][2][2][3] -> [3_255|0|255][0][0][2][3]
1 : 1, [3_255|0|255][0][2][2][3] -> [3_255|255|255][0][2][2][3]
1 : 1, [3_255|0|255][0][2][2][3] -> [0_255|0|255][0][2][2][0]
1 : 1, [3_0|255|255][0][2][2][3] -> [3_255|255|255][0][2][2][3]
1 : 1, [3_0|255|255][0][2][2][3] -> [3_0|255|255][0][2][0][3]
1 : 1, [3_0|255|255][0][2][2][3] -> [0_0|255|255][0][2][2][0]
0 : 0, [0_0|0|255][0][2][2][0] -> [0_255|0|255][0][2][2][0]
0 : 0, [0_0|0|255][0][2][2][0] -> [0_0|255|255][0][2][2][0]
0 : 0, [0_0|0|255][0][2][2][0] -> [0_0|0|2][0][2][2][1]
1 : 1, [2_255|255|0][0][2][3][2] -> [2_255|255|0][0][0][3][2]
1 : 1, [2_255|255|0][0][2][3][2] -> [0_255|255|0][0][2][0][2]
1 : 1, [2_255|255|0][0][2][3][2] -> [2_255|255|255][0][2][3][2]
0 : 0, [2_255|255|255][0][2][2][2] -> [2_255|255|255][0][2][2][2]
0 : 0, [2_255|255|255][0][2][2][2] -> [2_255|255|255][0][0][2][2]
0 : 0, [2_255|255|255][0][2][2][2] -> [2_255|255|255][0][2][3][2]
0 : 0, [2_255|255|255][0][2][2][2] -> [2_255|255|255][0][2][2][0]
0 : 0, [0_0|255|0][0][2][0][2] -> [0_255|255|0][0][2][0][2]
0 : 0, [0_0|255|0][0][2][0][2] -> [0_0|2|0][0][2][1][2]
0 : 0, [0_0|255|0][0][2][0][2] -> [0_0|255|255][0][2][0][2]
1 : 1, [2_0|255|255][0][2][3][2] -> [2_255|255|255][0][2][3][2]
1 : 1, [2_0|255|255][0][2][3][2] -> [0_0|255|255][0][2][0][2]
1 : 1, [2_0|255|255][0][2][3][2] -> [2_0|255|255][0][2][3][0]
0 : 0, [0_255|0|0][0][0][2][2] -> [0_2|0|0][0][1][2][2]
0 : 0, [0_255|0|0][0][0][2][2] -> [0_255|255|0][0][0][2][2]
0 : 0, [0_255|0|0][0][0][2][2] -> [0_255|0|255][0][0][2][2]
1 : 1, [1_255|255|0][0][3][2][2] -> [0_255|255|0][0][0][2][2]
1 : 1, [1_255|255|0][0][3][2][2] -> [1_255|255|0][0][3][0][2]
1 : 1, [1_255|255|0][0][3][2][2] -> [1_255|255|255][0][3][2][2]
1 : 1, [1_255|0|255][0][3][2][2] -> [0_255|0|255][0][0][2][2]
1 : 1, [1_255|0|255][0][3][2][2] -> [1_255|255|255][0][3][2][2]
1 : 1, [1_255|0|255][0][3][2][2] -> [1_255|0|255][0][3][2][0]
0 : 0, [1_255|255|255][0][2][2][2] -> [1_255|255|255][0][2][2][2]
0 : 0, [1_255|255|255][0][2][2][2] -> [1_255|255|255][0][3][2][2]
0 : 0, [1_255|255|255][0][2][2][2] -> [1_255|255|255][0][2][0][2]
0 : 0, [1_255|255|255][0][2][2][2] -> [1_255|255|255][0][2][2][0]
0 : 0, [1_3|255|0][0][2][0][2] -> [1_3|255|255][0][2][0][2]
0 : 0, [0_2|2|0][0][1][1][2] -> [1_3|2|0][0][2][1][2]
0 : 0, [0_2|2|0][0][1][1][2] -> [2_2|3|0][0][1][2][2]
0 : 0, [0_2|2|0][0][1][1][2] -> [0_2|2|255][0][1][1][2]
0 : 0, [0_2|255|255][0][1][0][2] -> [0_1|255|255][0][1][0][2]
0 : 0, [0_2|255|255][0][1][0][2] -> [1_3|255|255][0][2][0][2]
0 : 0, [0_2|255|255][0][1][0][2] -> [0_2|2|255][0][1][1][2]
0 : 0, [0_2|255|255][0][1][0][2] -> [0_2|255|255][0][1][0][0]
0 : 0, [2_255|3|0][0][0][2][2] -> [2_255|3|255][0][0][2][2]
0 : 0, [0_255|2|255][0][0][1][2] -> [0_255|1|255][0][0][1][2]
0 : 0, [0_255|2|255][0][0][1][2] -> [0_2|2|255][0][1][1][2]
0 : 0, [0_255|2|255][0][0][1][2] -> [2_255|3|255][0][0][2][2]
0 : 0, [0_255|2|255][0][0][1][2] -> [0_255|2|255][0][0][1][0]
0 : 0, [0_255|1|255][0][2][1][0] -> [0_255|0|255][0][2][1][0]
0 : 0, [0_255|1|255][0][2][1][0] -> [0_255|1|255][0][0][1][0]
0 : 0, [0_255|1|255][0][2][1][0] -> [2_255|3|255][0][2][2][0]
0 : 0, [0_255|1|255][0][2][1][0] -> [0_255|1|2][0][2][1][1]
0 : 0, [2_255|3|255][0][2][2][0] -> [2_255|2|255][0][2][2][0]
0 : 0, [2_255|3|255][0][2][2][0] -> [2_255|3|255][0][0][2][0]
0 : 0, [0_255|2|2][0][2][1][1] -> [0_255|1|1][0][2][1][1]
0 : 0, [0_255|2|2][0][2][1][1] -> [0_255|2|2][0][0][1][1]
0 : 0, [0_255|2|2][0][2][1][1] -> [2_255|3|2][0][2][2][1]
0 : 0, [0_255|2|2][0][2][1][1] -> [3_255|2|3][0][2][1][2]
0 : 0, [0_255|255|1][0][2][0][1] -> [0_255|255|0][0][2][0][1]
0 : 0, [0_255|255|1][0][2][0][1] -> [0_255|255|1][0][0][0][1]
0 : 0, [0_255|255|1][0][2][0][1] -> [0_255|2|1][0][2][1][1]
0 : 0, [0_255|255|1][0][2][0][1] -> [3_255|255|3][0][2][0][2]
0 : 0, [3_255|255|3][0][2][0][2] -> [3_255|255|2][0][2][0][2]
0 : 0, [3_255|255|3][0][2][0][2] -> [3_255|255|3][0][0][0][2]
0 : 0, [2_0|3|2][0][2][2][1] -> [2_255|3|2][0][2][2][1]
0 : 0, [2_0|3|2][0][2][2][1] -> [3_0|3|3][0][2][2][2]
0 : 0, [3_0|2|3][0][2][1][2] -> [3_255|2|3][0][2][1][2]
0 : 0, [3_0|2|3][0][2][1][2] -> [2_0|3|3][0][2][2][2]
0 : 0, [1_3|255|255][0][2][2][0] -> [1_2|255|255][0][2][2][0]
0 : 0, [1_3|255|255][0][2][2][0] -> [1_3|255|255][0][2][0][0]
0 : 0, [0_1|255|255][0][1][2][0] -> [0_0|255|255][0][1][2][0]
0 : 0, [0_1|255|255][0][1][2][0] -> [1_3|255|255][0][2][2][0]
0 : 0, [0_1|255|255][0][1][2][0] -> [0_1|255|255][0][1][0][0]
0 : 0, [0_1|255|255][0][1][2][0] -> [0_1|255|2][0][1][2][1]
0 : 0, [0_2|255|2][0][1][2][1] -> [0_1|255|1][0][1][2][1]
0 : 0, [0_2|255|2][0][1][2][1] -> [1_3|255|2][0][2][2][1]
0 : 0, [0_2|255|2][0][1][2][1] -> [0_2|255|2][0][1][0][1]
0 : 0, [0_2|255|2][0][1][2][1] -> [3_2|255|3][0][1][2][2]
0 : 0, [1_3|0|2][0][2][2][1] -> [1_3|255|2][0][2][2][1]
0 : 0, [1_3|0|2][0][2][2][1] -> [3_3|0|3][0][2][2][2]
0 : 0, [3_2|0|3][0][1][2][2] -> [1_3|0|3][0][2][2][2]
0 : 0, [3_2|0|3][0][1][2][2] -> [3_2|255|3][0][1][2][2]
0 : 0, [0_255|255|1][0][0][2][1] -> [0_255|255|0][0][0][2][1]
0 : 0, [0_255|255|1][0][0][2][1] -> [0_2|255|1][0][1][2][1]
0 : 0, [0_255|255|1][0][0][2][1] -> [0_255|255|1][0][0][0][1]
0 : 0, [0_255|255|1][0][0][2][1] -> [3_255|255|3][0][0][2][2]
0 : 0, [3_255|255|3][0][0][2][2] -> [3_255|255|2][0][0][2][2]
0 : 0, [3_255|255|3][0][0][2][2] -> [3_255|255|3][0][0][0][2]
1 : 1, [3_255|255|255][0][2][2][3] -> [3_255|255|255][0][2][2][3]
1 : 1, [3_255|255|255][0][2][2][3] -> [3_255|255|255][0][0][2][3]
1 : 1, [3_255|255|255][0][2][2][3] -> [3_255|255|255][0][2][0][3]
1 : 1, [3_255|255|255][0][2][2][3] -> [0_255|255|255][0][2][2][0]
0 : 0, [0_255|0|255][0][2][2][0] -> [0_255|0|255][0][0][2][0]
0 : 0, [0_255|0|255][0][2][2][0] -> [0_255|255|255][0][2][2][0]
0 : 0, [0_255|0|255][0][2][2][0] -> [0_255|0|2][0][2][2][1]
0 : 0, [0_0|255|255][0][2][2][0] -> [0_255|255|255][0][2][2][0]
0 : 0, [0_0|255|255][0][2][2][0] -> [0_0|255|255][0][2][0][0]
0 : 0, [0_0|255|255][0][2][2][0] -> [0_0|255|2][0][2][2][1]
0 : 0, [0_0|0|2][0][2][2][1] -> [0_255|0|2][0][2][2][1]
0 : 0, [0_0|0|2][0][2][2][1] -> [0_0|255|2][0][2][2][1]
0 : 0, [0_0|0|2][0][2][2][1] -> [3_0|0|3][0][2][2][2]
0 : 0, [0_255|255|0][0][2][0][2] -> [0_255|255|0][0][0][0][2]
0 : 0, [0_255|255|0][0][2][0][2] -> [0_255|2|0][0][2][1][2]
0 : 0, [0_255|255|0][0][2][0][2] -> [0_255|255|255][0][2][0][2]
1 : 1, [2_255|255|255][0][2][3][2] -> [2_255|255|255][0][2][3][2]
1 : 1, [2_255|255|255][0][2][3][2] -> [2_255|255|255][0][0][3][2]
1 : 1, [2_255|255|255][0][2][3][2] -> [0_255|255|255][0][2][0][2]
1 : 1, [2_255|255|255][0][2][3][2] -> [2_255|255|255][0][2][3][0]
0 : 0, [0_0|2|0][0][2][1][2] -> [0_255|2|0][0][2][1][2]
0 : 0, [0_0|2|0][0][2][1][2] -> [2_0|3|0][0][2][2][2]
0 : 0, [0_0|2|0][0][2][1][2] -> [0_0|2|255][0][2][1][2]
0 : 0, [0_0|255|255][0][2][0][2] -> [0_255|255|255][0][2][0][2]
0 : 0, [0_0|255|255][0][2][0][2] -> [0_0|2|255][0][2][1][2]
0 : 0, [0_0|255|255][0][2][0][2] -> [0_0|255|255][0][2][0][0]
0 : 0, [0_2|0|0][0][1][2][2] -> [1_3|0|0][0][2][2][2]
0 : 0, [0_2|0|0][0][1][2][2] -> [0_2|255|0][0][1][2][2]
0 : 0, [0_2|0|0][0][1][2][2] -> [0_2|0|255][0][1][2][2]
0 : 0, [0_255|255|0][0][0][2][2] -> [0_2|255|0][0][1][2][2]
0 : 0, [0_255|255|0][0][0][2][2] -> [0_255|255|0][0][0][0][2]
0 : 0, [0_255|255|0][0][0][2][2] -> [0_255|255|255][0][0][2][2]
0 : 0, [0_255|0|255][0][0][2][2] -> [0_2|0|255][0][1][2][2]
0 : 0, [0_255|0|255][0][0][2][2] -> [0_255|255|255][0][0][2][2]
0 : 0, [0_255|0|255][0][0][2][2] -> [0_255|0|255][0][0][2][0]
1 : 1, [1_255|255|255][0][3][2][2] -> [1_255|255|255][0][3][2][2]
1 : 1, [1_255|255|255][0][3][2][2] -> [0_255|255|255][0][0][2][2]
1 : 1, [1_255|255|255][0][3][2][2] -> [1_255|255|255][0][3][0][2]
1 : 1, [1_255|255|255][0][3][2][2] -> [1_255|255|255][0][3][2][0]
0 : 0, [1_3|255|255][0][2][0][2] -> [1_2|255|255][0][2][0][2]
0 : 0, [1_3|255|255][0][2][0][2] -> [1_3|255|255][0][2][0][0]
0 : 0, [1_3|2|0][0][2][1][2] -> [2_3|3|0][0][2][2][2]
0 : 0, [1_3|2|0][0][2][1][2] -> [1_3|2|255][0][2][1][2]
0 : 0, [2_2|3|0][0][1][2][2] -> [1_3|3|0][0][2][2][2]
0 : 0, [2_2|3|0][0][1][2][2] -> [2_2|3|255][0][1][2][2]
0 : 0, [0_2|2|255][0][1][1][2] -> [0_1|1|255][0][1][1][2]
0 : 0, [0_2|2|255][0][1][1][2] -> [1_3|2|255][0][2][1][2]
0 : 0, [0_2|2|255][0][1][1][2] -> [2_2|3|255][0][1][2][2]
0 : 0, [0_2|2|255][0][1][1][2] -> [0_2|2|255][0][1][1][0]
0 : 0, [0_1|255|255][0][1][0][2] -> [0_0|255|255][0][1][0][2]
0 : 0, [0_1|255|255][0][1][0][2] -> [1_3|255|255][0][2][0][2]
0 : 0, [0_1|255|255][0][1][0][2] -> [0_1|2|255][0][1][1][2]
0 : 0, [0_1|255|255][0][1][0][2] -> [0_1|255|255][0][1][0][0]
0 : 0, [2_255|3|255][0][0][2][2] -> [2_255|2|255][0][0][2][2]
0 : 0, [2_255|3|255][0][0][2][2] -> [2_255|3|255][0][0][2][0]
0 : 0, [0_255|1|255][0][0][1][2] -> [0_255|0|255][0][0][1][2]
0 : 0, [0_255|1|255][0][0][1][2] -> [0_2|1|255][0][1][1][2]
0 : 0, [0_255|1|255][0][0][1][2] -> [2_255|3|255][0][0][2][2]
0 : 0, [0_255|1|255][0][0][1][2] -> [0_255|1|255][0][0][1][0]
0 : 0, [0_255|0|255][0][2][1][0] -> [0_255|0|255][0][0][1][0]
0 : 0, [0_255|0|255][0][2][1][0] -> [2_255|3|255][0][2][2][0]
0 : 0, [0_255|0|255][0][2][1][0] -> [0_255|0|2][0][2][1][1]
0 : 0, [0_255|1|2][0][2][1][1] -> [0_255|0|1][0][2][1][1]
0 : 0, [0_255|1|2][0][2][1][1] -> [0_255|1|2][0][0][1][1]
0 : 0, [0_255|1|2][0][2][1][1] -> [2_255|3|2][0][2][2][1]
0 : 0, [0_255|1|2][0][2][1][1] -> [3_255|1|3][0][2][1][2]
0 : 0, [0_255|1|1][0][2][1][1] -> [0_255|0|0][0][2][1][1]
0 : 0, [0_255|1|1][0][2][1][1] -> [0_255|1|1][0][0][1][1]
0 : 0, [0_255|1|1][0][2][1][1] -> [2_255|3|1][0][2][2][1]
0 : 0, [0_255|1|1][0][2][1][1] -> [3_255|1|3][0][2][1][2]
0 : 0, [2_255|3|2][0][2][2][1] -> [2_255|2|1][0][2][2][1]
0 : 0, [2_255|3|2][0][2][2][1] -> [2_255|3|2][0][0][2][1]
0 : 0, [2_255|3|2][0][2][2][1] -> [3_255|3|3][0][2][2][2]
0 : 0, [3_255|2|3][0][2][1][2] -> [3_255|1|2][0][2][1][2]
0 : 0, [3_255|2|3][0][2][1][2] -> [3_255|2|3][0][0][1][2]
0 : 0, [3_255|2|3][0][2][1][2] -> [2_255|3|3][0][2][2][2]
0 : 0, [0_255|255|0][0][2][0][1] -> [0_255|255|0][0][0][0][1]
0 : 0, [0_255|255|0][0][2][0][1] -> [0_255|2|0][0][2][1][1]
0 : 0, [0_255|255|0][0][2][0][1] -> [3_255|255|3][0][2][0][2]
0 : 0, [0_255|2|1][0][2][1][1] -> [0_255|1|0][0][2][1][1]
0 : 0, [0_255|2|1][0][2][1][1] -> [0_255|2|1][0][0][1][1]
0 : 0, [0_255|2|1][0][2][1][1] -> [2_255|3|1][0][2][2][1]
0 : 0, [0_255|2|1][0][2][1][1] -> [3_255|2|3][0][2][1][2]
0 : 0, [3_0|3|3][0][2][2][2] -> [3_255|3|3][0][2][2][2]
0 : 0, [2_0|3|3][0][2][2][2] -> [2_255|3|3][0][2][2][2]
0 : 0, [0_0|255|255][0][1][2][0] -> [1_3|255|255][0][2][2][0]
0 : 0, [0_0|255|255][0][1][2][0] -> [0_0|255|255][0][1][0][0]
0 : 0, [0_0|255|255][0][1][2][0] -> [0_0|255|2][0][1][2][1]
0 : 0, [0_1|255|2][0][1][2][1] -> [0_0|255|1][0][1][2][1]
0 : 0, [0_1|255|2][0][1][2][1] -> [1_3|255|2][0][2][2][1]
0 : 0, [0_1|255|2][0][1][2][1] -> [0_1|255|2][0][1][0][1]
0 : 0, [0_1|255|2][0][1][2][1] -> [3_1|255|3][0][1][2][2]
0 : 0, [0_1|255|1][0][1][2][1] -> [0_0|255|0][0][1][2][1]
0 : 0, [0_1|255|1][0][1][2][1] -> [1_3|255|1][0][2][2][1]
0 : 0, [0_1|255|1][0][1][2][1] -> [0_1|255|1][0][1][0][1]
0 : 0, [0_1|255|1][0][1][2][1] -> [3_1|255|3][0][1][2][2]
0 : 0, [1_3|255|2][0][2][2][1] -> [1_2|255|1][0][2][2][1]
0 : 0, [1_3|255|2][0][2][2][1] -> [1_3|255|2][0][2][0][1]
0 : 0, [1_3|255|2][0][2][2][1] -> [3_3|255|3][0][2][2][2]
0 : 0, [3_2|255|3][0][1][2][2] -> [3_1|255|2][0][1][2][2]
0 : 0, [3_2|255|3][0][1][2][2] -> [1_3|255|3][0][2][2][2]
0 : 0, [3_2|255|3][0][1][2][2] -> [3_2|255|3][0][1][0][2]
0 : 0, [3_3|0|3][0][2][2][2] -> [3_3|255|3][0][2][2][2]
0 : 0, [1_3|0|3][0][2][2][2] -> [1_3|255|3][0][2][2][2]
0 : 0, [0_255|255|0][0][0][2][1] -> [0_2|255|0][0][1][2][1]
0 : 0, [0_255|255|0][0][0][2][1] -> [0_255|255|0][0][0][0][1]
0 : 0, [0_255|255|0][0][0][2][1] -> [3_255|255|3][0][0][2][2]
0 : 0, [0_2|255|1][0][1][2][1] -> [0_1|255|0][0][1][2][1]
0 : 0, [0_2|255|1][0][1][2][1] -> [1_3|255|1][0][2][2][1]
0 : 0, [0_2|255|1][0][1][2][1] -> [0_2|255|1][0][1][0][1]
0 : 0, [0_2|255|1][0][1][2][1] -> [3_2|255|3][0][1][2][2]
0 : 0, [0_255|255|255][0][2][2][0] -> [0_255|255|255][0][2][2][0]
0 : 0, [0_255|255|255][0][2][2][0] -> [0_255|255|255][0][0][2][0]
0 : 0, [0_255|255|255][0][2][2][0] -> [0_255|255|255][0][2][0][0]
0 : 0, [0_255|255|255][0][2][2][0] -> [0_255|255|2][0][2][2][1]
0 : 0, [0_255|0|2][0][2][2][1] -> [0_255|0|2][0][0][2][1]
0 : 0, [0_255|0|2][0][2][2][1] -> [0_255|255|2][0][2][2][1]
0 : 0, [0_255|0|2][0][2][2][1] -> [3_255|0|3][0][2][2][2]
0 : 0, [0_0|255|2][0][2][2][1] -> [0_255|255|2][0][2][2][1]
0 : 0, [0_0|255|2][0][2][2][1] -> [0_0|255|2][0][2][0][1]
0 : 0, [0_0|255|2][0][2][2][1] -> [3_0|255|3][0][2][2][2]
0 : 0, [3_0|0|3][0][2][2][2] -> [3_255|0|3][0][2][2][2]
0 : 0, [3_0|0|3][0][2][2][2] -> [3_0|255|3][0][2][2][2]
0 : 0, [0_255|2|0][0][2][1][2] -> [0_255|2|0][0][0][1][2]
0 : 0, [0_255|2|0][0][2][1][2] -> [2_255|3|0][0][2][2][2]
0 : 0, [0_255|2|0][0][2][1][2] -> [0_255|2|255][0][2][1][2]
0 : 0, [0_255|255|255][0][2][0][2] -> [0_255|255|255][0][2][0][2]
0 : 0, [0_255|255|255][0][2][0][2] -> [0_255|255|255][0][0][0][2]
0 : 0, [0_255|255|255][0][2][0][2] -> [0_255|2|255][0][2][1][2]
0 : 0, [0_255|255|255][0][2][0][2] -> [0_255|255|255][0][2][0][0]
0 : 0, [2_0|3|0][0][2][2][2] -> [2_255|3|0][0][2][2][2]
0 : 0, [2_0|3|0][0][2][2][2] -> [2_0|3|255][0][2][2][2]
0 : 0, [0_0|2|255][0][2][1][2] -> [0_255|2|255][0][2][1][2]
0 : 0, [0_0|2|255][0][2][1][2] -> [2_0|3|255][0][2][2][2]
0 : 0, [0_0|2|255][0][2][1][2] -> [0_0|2|255][0][2][1][0]
0 : 0, [1_3|0|0][0][2][2][2] -> [1_3|255|0][0][2][2][2]
0 : 0, [1_3|0|0][0][2][2][2] -> [1_3|0|255][0][2][2][2]
0 : 0, [0_2|255|0][0][1][2][2] -> [1_3|255|0][0][2][2][2]
0 : 0, [0_2|255|0][0][1][2][2] -> [0_2|255|0][0][1][0][2]
0 : 0, [0_2|255|0][0][1][2][2] -> [0_2|255|255][0][1][2][2]
0 : 0, [0_2|0|255][0][1][2][2] -> [1_3|0|255][0][2][2][2]
0 : 0, [0_2|0|255][0][1][2][2] -> [0_2|255|255][0][1][2][2]
0 : 0, [0_2|0|255][0][1][2][2] -> [0_2|0|255][0][1][2][0]
0 : 0, [0_255|255|255][0][0][2][2] -> [0_255|255|255][0][0][2][2]
0 : 0, [0_255|255|255][0][0][2][2] -> [0_2|255|255][0][1][2][2]
0 : 0, [0_255|255|255][0][0][2][2] -> [0_255|255|255][0][0][0][2]
0 : 0, [0_255|255|255][0][0][2][2] -> [0_255|255|255][0][0][2][0]
0 : 0, [2_3|3|0][0][2][2][2] -> [2_3|3|255][0][2][2][2]
0 : 0, [1_3|2|255][0][2][1][2] -> [1_2|1|255][0][2][1][2]
0 : 0, [1_3|2|255][0][2][1][2] -> [2_3|3|255][0][2][2][2]
0 : 0, [1_3|2|255][0][2][1][2] -> [1_3|2|255][0][2][1][0]
0 : 0, [1_3|3|0][0][2][2][2] -> [1_3|3|255][0][2][2][2]
0 : 0, [2_2|3|255][0][1][2][2] -> [2_1|2|255][0][1][2][2]
0 : 0, [2_2|3|255][0][1][2][2] -> [1_3|3|255][0][2][2][2]
0 : 0, [2_2|3|255][0][1][2][2] -> [2_2|3|255][0][1][2][0]
0 : 0, [0_1|1|255][0][1][1][2] -> [0_0|0|255][0][1][1][2]
0 : 0, [0_1|1|255][0][1][1][2] -> [1_3|1|255][0][2][1][2]
0 : 0, [0_1|1|255][0][1][1][2] -> [2_1|3|255][0][1][2][2]
0 : 0, [0_1|1|255][0][1][1][2] -> [0_1|1|255][0][1][1][0]
0 : 0, [0_0|255|255][0][1][0][2] -> [1_3|255|255][0][2][0][2]
0 : 0, [0_0|255|255][0][1][0][2] -> [0_0|2|255][0][1][1][2]
0 : 0, [0_0|255|255][0][1][0][2] -> [0_0|255|255][0][1][0][0]
0 : 0, [0_1|2|255][0][1][1][2] -> [0_0|1|255][0][1][1][2]
0 : 0, [0_1|2|255][0][1][1][2] -> [1_3|2|255][0][2][1][2]
0 : 0, [0_1|2|255][0][1][1][2] -> [2_1|3|255][0][1][2][2]
0 : 0, [0_1|2|255][0][1][1][2] -> [0_1|2|255][0][1][1][0]
0 : 0, [0_255|0|255][0][0][1][2] -> [0_2|0|255][0][1][1][2]
0 : 0, [0_255|0|255][0][0][1][2] -> [2_255|3|255][0][0][2][2]
0 : 0, [0_255|0|255][0][0][1][2] -> [0_255|0|255][0][0][1][0]
0 : 0, [0_2|1|255][0][1][1][2] -> [0_1|0|255][0][1][1][2]
0 : 0, [0_2|1|255][0][1][1][2] -> [1_3|1|255][0][2][1][2]
0 : 0, [0_2|1|255][0][1][1][2] -> [2_2|3|255][0][1][2][2]
0 : 0, [0_2|1|255][0][1][1][2] -> [0_2|1|255][0][1][1][0]
0 : 0, [0_255|0|2][0][2][1][1] -> [0_255|0|2][0][0][1][1]
0 : 0, [0_255|0|2][0][2][1][1] -> [2_255|3|2][0][2][2][1]
0 : 0, [0_255|0|2][0][2][1][1] -> [3_255|0|3][0][2][1][2]
0 : 0, [0_255|0|1][0][2][1][1] -> [0_255|0|1][0][0][1][1]
0 : 0, [0_255|0|1][0][2][1][1] -> [2_255|3|1][0][2][2][1]
0 : 0, [0_255|0|1][0][2][1][1] -> [3_255|0|3][0][2][1][2]
0 : 0, [3_255|1|3][0][2][1][2] -> [3_255|0|2][0][2][1][2]
0 : 0, [3_255|1|3][0][2][1][2] -> [3_255|1|3][0][0][1][2]
0 : 0, [3_255|1|3][0][2][1][2] -> [2_255|3|3][0][2][2][2]
0 : 0, [0_255|0|0][0][2][1][1] -> [0_255|0|0][0][0][1][1]
0 : 0, [0_255|0|0][0][2][1][1] -> [2_255|3|0][0][2][2][1]
0 : 0, [0_255|0|0][0][2][1][1] -> [3_255|0|3][0][2][1][2]
0 : 0, [2_255|3|1][0][2][2][1] -> [2_255|2|0][0][2][2][1]
0 : 0, [2_255|3|1][0][2][2][1] -> [2_255|3|1][0][0][2][1]
0 : 0, [2_255|3|1][0][2][2][1] -> [3_255|3|3][0][2][2][2]
0 : 0, [2_255|2|1][0][2][2][1] -> [2_255|1|0][0][2][2][1]
0 : 0, [2_255|2|1][0][2][2][1] -> [2_255|2|1][0][0][2][1]
0 : 0, [2_255|2|1][0][2][2][1] -> [3_255|2|3][0][2][2][2]
0 : 0, [3_255|3|3][0][2][2][2] -> [3_255|2|2][0][2][2][2]
0 : 0, [3_255|3|3][0][2][2][2] -> [3_255|3|3][0][0][2][2]
0 : 0, [3_255|1|2][0][2][1][2] -> [3_255|0|1][0][2][1][2]
0 : 0, [3_255|1|2][0][2][1][2] -> [3_255|1|2][0][0][1][2]
0 : 0, [3_255|1|2][0][2][1][2] -> [2_255|3|2][0][2][2][2]
0 : 0, [2_255|3|3][0][2][2][2] -> [2_255|2|2][0][2][2][2]
0 : 0, [2_255|3|3][0][2][2][2] -> [2_255|3|3][0][0][2][2]
0 : 0, [0_255|2|0][0][2][1][1] -> [0_255|2|0][0][0][1][1]
0 : 0, [0_255|2|0][0][2][1][1] -> [2_255|3|0][0][2][2][1]
0 : 0, [0_255|2|0][0][2][1][1] -> [3_255|2|3][0][2][1][2]
0 : 0, [0_255|1|0][0][2][1][1] -> [0_255|1|0][0][0][1][1]
0 : 0, [0_255|1|0][0][2][1][1] -> [2_255|3|0][0][2][2][1]
0 : 0, [0_255|1|0][0][2][1][1] -> [3_255|1|3][0][2][1][2]
0 : 0, [0_0|255|2][0][1][2][1] -> [1_3|255|2][0][2][2][1]
0 : 0, [0_0|255|2][0][1][2][1] -> [0_0|255|2][0][1][0][1]
0 : 0, [0_0|255|2][0][1][2][1] -> [3_0|255|3][0][1][2][2]
0 : 0, [0_0|255|1][0][1][2][1] -> [1_3|255|1][0][2][2][1]
0 : 0, [0_0|255|1][0][1][2][1] -> [0_0|255|1][0][1][0][1]
0 : 0, [0_0|255|1][0][1][2][1] -> [3_0|255|3][0][1][2][2]
0 : 0, [3_1|255|3][0][1][2][2] -> [3_0|255|2][0][1][2][2]
0 : 0, [3_1|255|3][0][1][2][2] -> [1_3|255|3][0][2][2][2]
0 : 0, [3_1|255|3][0][1][2][2] -> [3_1|255|3][0][1][0][2]
0 : 0, [0_0|255|0][0][1][2][1] -> [1_3|255|0][0][2][2][1]
0 : 0, [0_0|255|0][0][1][2][1] -> [0_0|255|0][0][1][0][1]
0 : 0, [0_0|255|0][0][1][2][1] -> [3_0|255|3][0][1][2][2]
0 : 0, [1_3|255|1][0][2][2][1] -> [1_2|255|0][0][2][2][1]
0 : 0, [1_3|255|1][0][2][2][1] -> [1_3|255|1][0][2][0][1]
0 : 0, [1_3|255|1][0][2][2][1] -> [3_3|255|3][0][2][2][2]
0 : 0, [1_2|255|1][0][2][2][1] -> [1_1|255|0][0][2][2][1]
0 : 0, [1_2|255|1][0][2][2][1] -> [1_2|255|1][0][2][0][1]
0 : 0, [1_2|255|1][0][2][2][1] -> [3_2|255|3][0][2][2][2]
0 : 0, [3_3|255|3][0][2][2][2] -> [3_2|255|2][0][2][2][2]
0 : 0, [3_3|255|3][0][2][2][2] -> [3_3|255|3][0][2][0][2]
0 : 0, [3_1|255|2][0][1][2][2] -> [3_0|255|1][0][1][2][2]
0 : 0, [3_1|255|2][0][1][2][2] -> [1_3|255|2][0][2][2][2]
0 : 0, [3_1|255|2][0][1][2][2] -> [3_1|255|2][0][1][0][2]
0 : 0, [1_3|255|3][0][2][2][2] -> [1_2|255|2][0][2][2][2]
0 : 0, [1_3|255|3][0][2][2][2] -> [1_3|255|3][0][2][0][2]
0 : 0, [0_2|255|0][0][1][2][1] -> [1_3|255|0][0][2][2][1]
0 : 0, [0_2|255|0][0][1][2][1] -> [0_2|255|0][0][1][0][1]
0 : 0, [0_2|255|0][0][1][2][1] -> [3_2|255|3][0][1][2][2]
0 : 0, [0_1|255|0][0][1][2][1] -> [1_3|255|0][0][2][2][1]
0 : 0, [0_1|255|0][0][1][2][1] -> [0_1|255|0][0][1][0][1]
0 : 0, [0_1|255|0][0][1][2][1] -> [3_1|255|3][0][1][2][2]
0 : 0, [0_255|255|2][0][2][2][1] -> [0_255|255|1][0][2][2][1]
0 : 0, [0_255|255|2][0][2][2][1] -> [0_255|255|2][0][0][2][1]
0 : 0, [0_255|255|2][0][2][2][1] -> [0_255|255|2][0][2][0][1]
0 : 0, [0_255|255|2][0][2][2][1] -> [3_255|255|3][0][2][2][2]
0 : 0, [3_255|0|3][0][2][2][2] -> [3_255|0|3][0][0][2][2]
0 : 0, [3_255|0|3][0][2][2][2] -> [3_255|255|3][0][2][2][2]
0 : 0, [3_0|255|3][0][2][2][2] -> [3_255|255|3][0][2][2][2]
0 : 0, [3_0|255|3][0][2][2][2] -> [3_0|255|3][0][2][0][2]
0 : 0, [2_255|3|0][0][2][2][2] -> [2_255|3|0][0][0][2][2]
0 : 0, [2_255|3|0][0][2][2][2] -> [2_255|3|255][0][2][2][2]
0 : 0, [0_255|2|255][0][2][1][2] -> [0_255|1|255][0][2][1][2]
0 : 0, [0_255|2|255][0][2][1][2] -> [0_255|2|255][0][0][1][2]
0 : 0, [0_255|2|255][0][2][1][2] -> [2_255|3|255][0][2][2][2]
0 : 0, [0_255|2|255][0][2][1][2] -> [0_255|2|255][0][2][1][0]
0 : 0, [2_0|3|255][0][2][2][2] -> [2_255|3|255][0][2][2][2]
0 : 0, [2_0|3|255][0][2][2][2] -> [2_0|3|255][0][2][2][0]
0 : 0, [1_3|255|0][0][2][2][2] -> [1_3|255|0][0][2][0][2]
0 : 0, [1_3|255|0][0][2][2][2] -> [1_3|255|255][0][2][2][2]
0 : 0, [1_3|0|255][0][2][2][2] -> [1_3|255|255][0][2][2][2]
0 : 0, [1_3|0|255][0][2][2][2] -> [1_3|0|255][0][2][2][0]
0 : 0, [0_2|255|255][0][1][2][2] -> [0_1|255|255][0][1][2][2]
0 : 0, [0_2|255|255][0][1][2][2] -> [1_3|255|255][0][2][2][2]
0 : 0, [0_2|255|255][0][1][2][2] -> [0_2|255|255][0][1][0][2]
0 : 0, [0_2|255|255][0][1][2][2] -> [0_2|255|255][0][1][2][0]
0 : 0, [2_3|3|255][0][2][2][2] -> [2_2|2|255][0][2][2][2]
0 : 0, [2_3|3|255][0][2][2][2] -> [2_3|3|255][0][2][2][0]
0 : 0, [1_2|1|255][0][2][1][2] -> [1_1|0|255][0][2][1][2]
0 : 0, [1_2|1|255][0][2][1][2] -> [2_2|3|255][0][2][2][2]
0 : 0, [1_2|1|255][0][2][1][2] -> [1_2|1|255][0][2][1][0]
0 : 0, [1_3|3|255][0][2][2][2] -> [1_2|2|255][0][2][2][2]
0 : 0, [1_3|3|255][0][2][2][2] -> [1_3|3|255][0][2][2][0]
0 : 0, [2_1|2|255][0][1][2][2] -> [2_0|1|255][0][1][2][2]
0 : 0, [2_1|2|255][0][1][2][2] -> [1_3|2|255][0][2][2][2]
0 : 0, [2_1|2|255][0][1][2][2] -> [2_1|2|255][0][1][2][0]
0 : 0, [0_0|0|255][0][1][1][2] -> [1_3|0|255][0][2][1][2]
0 : 0, [0_0|0|255][0][1][1][2] -> [2_0|3|255][0][1][2][2]
0 : 0, [0_0|0|255][0][1][1][2] -> [0_0|0|255][0][1][1][0]
0 : 0, [1_3|1|255][0][2][1][2] -> [1_2|0|255][0][2][1][2]
0 : 0, [1_3|1|255][0][2][1][2] -> [2_3|3|255][0][2][2][2]
0 : 0, [1_3|1|255][0][2][1][2] -> [1_3|1|255][0][2][1][0]
0 : 0, [2_1|3|255][0][1][2][2] -> [2_0|2|255][0][1][2][2]
0 : 0, [2_1|3|255][0][1][2][2] -> [1_3|3|255][0][2][2][2]
0 : 0, [2_1|3|255][0][1][2][2] -> [2_1|3|255][0][1][2][0]
0 : 0, [0_0|2|255][0][1][1][2] -> [1_3|2|255][0][2][1][2]
0 : 0, [0_0|2|255][0][1][1][2] -> [2_0|3|255][0][1][2][2]
0 : 0, [0_0|2|255][0][1][1][2] -> [0_0|2|255][0][1][1][0]
0 : 0, [0_0|1|255][0][1][1][2] -> [1_3|1|255][0][2][1][2]
0 : 0, [0_0|1|255][0][1][1][2] -> [2_0|3|255][0][1][2][2]
0 : 0, [0_0|1|255][0][1][1][2] -> [0_0|1|255][0][1][1][0]
0 : 0, [0_2|0|255][0][1][1][2] -> [1_3|0|255][0][2][1][2]
0 : 0, [0_2|0|255][0][1][1][2] -> [2_2|3|255][0][1][2][2]
0 : 0, [0_2|0|255][0][1][1][2] -> [0_2|0|255][0][1][1][0]
0 : 0, [0_1|0|255][0][1][1][2] -> [1_3|0|255][0][2][1][2]
0 : 0, [0_1|0|255][0][1][1][2] -> [2_1|3|255][0][1][2][2]
0 : 0, [0_1|0|255][0][1][1][2] -> [0_1|0|255][0][1][1][0]
0 : 0, [3_255|0|3][0][2][1][2] -> [3_255|0|3][0][0][1][2]
0 : 0, [3_255|0|3][0][2][1][2] -> [2_255|3|3][0][2][2][2]
0 : 0, [3_255|0|2][0][2][1][2] -> [3_255|0|2][0][0][1][2]
0 : 0, [3_255|0|2][0][2][1][2] -> [2_255|3|2][0][2][2][2]
0 : 0, [2_255|3|0][0][2][2][1] -> [2_255|3|0][0][0][2][1]
0 : 0, [2_255|3|0][0][2][2][1] -> [3_255|3|3][0][2][2][2]
0 : 0, [2_255|2|0][0][2][2][1] -> [2_255|2|0][0][0][2][1]
0 : 0, [2_255|2|0][0][2][2][1] -> [3_255|2|3][0][2][2][2]
0 : 0, [2_255|1|0][0][2][2][1] -> [2_255|1|0][0][0][2][1]
0 : 0, [2_255|1|0][0][2][2][1] -> [3_255|1|3][0][2][2][2]
0 : 0, [3_255|2|3][0][2][2][2] -> [3_255|1|2][0][2][2][2]
0 : 0, [3_255|2|3][0][2][2][2] -> [3_255|2|3][0][0][2][2]
0 : 0, [3_255|0|1][0][2][1][2] -> [3_255|0|1][0][0][1][2]
0 : 0, [3_255|0|1][0][2][1][2] -> [2_255|3|1][0][2][2][2]
0 : 0, [2_255|3|2][0][2][2][2] -> [2_255|2|1][0][2][2][2]
0 : 0, [2_255|3|2][0][2][2][2] -> [2_255|3|2][0][0][2][2]
0 : 0, [3_0|255|3][0][1][2][2] -> [1_3|255|3][0][2][2][2]
0 : 0, [3_0|255|3][0][1][2][2] -> [3_0|255|3][0][1][0][2]
0 : 0, [3_0|255|2][0][1][2][2] -> [1_3|255|2][0][2][2][2]
0 : 0, [3_0|255|2][0][1][2][2] -> [3_0|255|2][0][1][0][2]
0 : 0, [1_3|255|0][0][2][2][1] -> [1_3|255|0][0][2][0][1]
0 : 0, [1_3|255|0][0][2][2][1] -> [3_3|255|3][0][2][2][2]
0 : 0, [1_2|255|0][0][2][2][1] -> [1_2|255|0][0][2][0][1]
0 : 0, [1_2|255|0][0][2][2][1] -> [3_2|255|3][0][2][2][2]
0 : 0, [1_1|255|0][0][2][2][1] -> [1_1|255|0][0][2][0][1]
0 : 0, [1_1|255|0][0][2][2][1] -> [3_1|255|3][0][2][2][2]
0 : 0, [3_2|255|3][0][2][2][2] -> [3_1|255|2][0][2][2][2]
0 : 0, [3_2|255|3][0][2][2][2] -> [3_2|255|3][0][2][0][2]
0 : 0, [3_0|255|1][0][1][2][2] -> [1_3|255|1][0][2][2][2]
0 : 0, [3_0|255|1][0][1][2][2] -> [3_0|255|1][0][1][0][2]
0 : 0, [1_3|255|2][0][2][2][2] -> [1_2|255|1][0][2][2][2]
0 : 0, [1_3|255|2][0][2][2][2] -> [1_3|255|2][0][2][0][2]
0 : 0, [0_255|255|1][0][2][2][1] -> [0_255|255|0][0][2][2][1]
0 : 0, [0_255|255|1][0][2][2][1] -> [0_255|255|1][0][0][2][1]
0 : 0, [0_255|255|1][0][2][2][1] -> [0_255|255|1][0][2][0][1]
0 : 0, [0_255|255|1][0][2][2][1] -> [3_255|255|3][0][2][2][2]
0 : 0, [3_255|255|3][0][2][2][2] -> [3_255|255|2][0][2][2][2]
0 : 0, [3_255|255|3][0][2][2][2] -> [3_255|255|3][0][0][2][2]
0 : 0, [3_255|255|3][0][2][2][2] -> [3_255|255|3][0][2][0][2]
0 : 0, [2_255|3|255][0][2][2][2] -> [2_255|2|255][0][2][2][2]
0 : 0, [2_255|3|255][0][2][2][2] -> [2_255|3|255][0][0][2][2]
0 : 0, [2_255|3|255][0][2][2][2] -> [2_255|3|255][0][2][2][0]
0 : 0, [0_255|1|255][0][2][1][2] -> [0_255|0|255][0][2][1][2]
0 : 0, [0_255|1|255][0][2][1][2] -> [0_255|1|255][0][0][1][2]
0 : 0, [0_255|1|255][0][2][1][2] -> [2_255|3|255][0][2][2][2]
0 : 0, [0_255|1|255][0][2][1][2] -> [0_255|1|255][0][2][1][0]
0 : 0, [1_3|255|255][0][2][2][2] -> [1_2|255|255][0][2][2][2]
0 : 0, [1_3|255|255][0][2][2][2] -> [1_3|255|255][0][2][0][2]
0 : 0, [1_3|255|255][0][2][2][2] -> [1_3|255|255][0][2][2][0]
0 : 0, [0_1|255|255][0][1][2][2] -> [0_0|255|255][0][1][2][2]
0 : 0, [0_1|255|255][0][1][2][2] -> [1_3|255|255][0][2][2][2]
0 : 0, [0_1|255|255][0][1][2][2] -> [0_1|255|255][0][1][0][2]
0 : 0, [0_1|255|255][0][1][2][2] -> [0_1|255|255][0][1][2][0]
0 : 0, [1_1|0|255][0][2][1][2] -> [2_1|3|255][0][2][2][2]
0 : 0, [1_1|0|255][0][2][1][2] -> [1_1|0|255][0][2][1][0]
0 : 0, [2_2|3|255][0][2][2][2] -> [2_1|2|255][0][2][2][2]
0 : 0, [2_2|3|255][0][2][2][2] -> [2_2|3|255][0][2][2][0]
0 : 0, [2_0|1|255][0][1][2][2] -> [1_3|1|255][0][2][2][2]
0 : 0, [2_0|1|255][0][1][2][2] -> [2_0|1|255][0][1][2][0]
0 : 0, [1_3|2|255][0][2][2][2] -> [1_2|1|255][0][2][2][2]
0 : 0, [1_3|2|255][0][2][2][2] -> [1_3|2|255][0][2][2][0]
0 : 0, [1_3|0|255][0][2][1][2] -> [2_3|3|255][0][2][2][2]
0 : 0, [1_3|0|255][0][2][1][2] -> [1_3|0|255][0][2][1][0]
0 : 0, [2_0|3|255][0][1][2][2] -> [1_3|3|255][0][2][2][2]
0 : 0, [2_0|3|255][0][1][2][2] -> [2_0|3|255][0][1][2][0]
0 : 0, [1_2|0|255][0][2][1][2] -> [2_2|3|255][0][2][2][2]
0 : 0, [1_2|0|255][0][2][1][2] -> [1_2|0|255][0][2][1][0]
0 : 0, [2_0|2|255][0][1][2][2] -> [1_3|2|255][0][2][2][2]
0 : 0, [2_0|2|255][0][1][2][2] -> [2_0|2|255][0][1][2][0]
0 : 0, [3_255|1|3][0][2][2][2] -> [3_255|0|2][0][2][2][2]
0 : 0, [3_255|1|3][0][2][2][2] -> [3_255|1|3][0][0][2][2]
0 : 0, [2_255|3|1][0][2][2][2] -> [2_255|2|0][0][2][2][2]
0 : 0, [2_255|3|1][0][2][2][2] -> [2_255|3|1][0][0][2][2]
0 : 0, [3_1|255|3][0][2][2][2] -> [3_0|255|2][0][2][2][2]
0 : 0, [3_1|255|3][0][2][2][2] -> [3_1|255|3][0][2][0][2]
0 : 0, [1_3|255|1][0][2][2][2] -> [1_2|255|0][0][2][2][2]
0 : 0, [1_3|255|1][0][2][2][2] -> [1_3|255|1][0][2][0][2]
0 : 0, [0_255|255|0][0][2][2][1] -> [0_255|255|0][0][0][2][1]
0 : 0, [0_255|255|0][0][2][2][1] -> [0_255|255|0][0][2][0][1]
0 : 0, [0_255|255|0][0][2][2][1] -> [3_255|255|3][0][2][2][2]
0 : 0, [0_255|0|255][0][2][1][2] -> [0_255|0|255][0][0][1][2]
0 : 0, [0_255|0|255][0][2][1][2] -> [2_255|3|255][0][2][2][2]
0 : 0, [0_255|0|255][0][2][1][2] -> [0_255|0|255][0][2][1][0]
0 : 0, [0_0|255|255][0][1][2][2] -> [1_3|255|255][0][2][2][2]
0 : 0, [0_0|255|255][0][1][2][2] -> [0_0|255|255][0][1][0][2]
0 : 0, [0_0|255|255][0][1][2][2] -> [0_0|255|255][0][1][2][0]
0 : 0, [2_1|3|255][0][2][2][2] -> [2_0|2|255][0][2][2][2]
0 : 0, [2_1|3|255][0][2][2][2] -> [2_1|3|255][0][2][2][0]
0 : 0, [1_3|1|255][0][2][2][2] -> [1_2|0|255][0][2][2][2]
0 : 0, [1_3|1|255][0][2][2][2] -> [1_3|1|255][0][2][2][0]
